3368
3618
2972
1552
-3686
-2820
-1289
546
2255
3358
3629
3002
1596
-226
-1984
-3297
-3777
-3362
-2093
-342
1475
2918
3617
3412
2350
679
-1159
-2739
-3650
-3677
-2797
-1229
603
2301
3378
3625
2960
1548
-278
-2033
-3321
-3777
-3325
-2056
-284
1527
2944
3619
3386
2307
620
-1222
-2784
-3668
-3664
-2762
-1168
657
2347
3396
3610
2924
1480
-337
-2092
-3341
-3780
-3289
-2013
-237
1579
2973
3632
3363
2246
570
-1276
-2829
-3686
-3654
-2719
-1141
727
2374
3421
3607
2887
1430
-393
-2142
-3383
-3785
-3278
-1961
-190
1633
3011
3629
3353
2203
524
-1332
-2857
-3696
-3638
-2673
-1070
769
2419
3437
3606
2855
1384
-439
-2186
-3396
-3786
-3245
-1912
-130
1684
3047
3637
3328
2174
453
-1389
-2888
-3709
-3617
-2626
-1022
828
2471
3454
3606
2817
1343
-506
-2221
-3415
-3787
-3206
-1854
-66
1722
3069
3654
3300
2133
404
-1431
-2935
-3714
-3597
-2587
-966
875
2509
3483
3588
2790
1291
-558
-2269
-3440
-3777
-3181
-1805
-18
1767
3101
3648
3276
2083
351
-1480
-2957
-3721
-3573
-2561
-916
929
2532
3505
3575
2752
1232
-610
-2315
-3474
-3773
-3165
-1769
23
1819
3131
3648
3253
2029
307
-1540
-3003
-3739
-3562
-2513
-867
968
2575
3496
3564
2706
1185
-662
-2344
-3475
-3765
-3127
-1722
92
1855
3150
3637
3226
1997
238
-1576
-3031
-3744
-3543
-2479
-813
1020
2611
3517
3549
2681
1139
-719
-2392
-3511
-3753
-3090
-1673
138
1901
3189
3647
3208
1944
191
-1626
-3053
-3752
-3513
-2431
-754
1081
2659
3538
3537
2648
1087
-771
-2440
-3525
-3747
-3070
-1622
202
1954
3205
3647
3180
1908
148
-1668
-3097
-3756
-3507
-2387
-711
1148
2696
3540
3528
2609
1046
-816
-2484
-3548
-3734
-3026
-1576
246
2004
3225
3645
3149
1857
89
-1725
-3130
-3774
-3479
-2359
-663
1193
2721
3551
3519
2565
979
-865
-2521
-3575
-3735
-2999
-1520
290
2042
3249
3643
3123
1807
27
-1769
-3156
-3773
-3474
-2320
-602
1224
2752
3572
3489
2530
928
-927
-2559
-3584
-3729
-2961
-1475
350
2089
3278
3646
3108
1767
-19
-1818
-3184
-3770
-3450
-2277
-532
1281
2796
3583
3486
2494
877
-977
-2607
-3604
-3710
-2924
-1425
406
2124
3315
3634
3069
1730
-83
-1874
-3210
-3771
-3422
-2217
-502
1341
2836
3594
3456
2459
816
-1035
-2647
-3616
-3700
-2893
-1373
470
2181
3326
3642
3053
1676
-121
-1925
-3239
-3772
-3398
-2184
-438
1385
2851
3598
3441
2424
771
-1089
-2681
-3634
-3706
-2856
-1327
512
2210
3346
3634
3009
1626
-193
-1970
-3266
-3776
-3379
-2141
-385
1425
2893
3606
3424
2369
718
-1125
-2723
-3641
-3690
-2825
-1272
569
2246
3360
3620
2971
1574
-241
-2006
-3298
-3782
-3356
-2095
-321
1476
2929
3610
3404
2340
669
-1192
-2752
-3662
-3661
-2790
-1217
626
2298
3392
3620
2935
1527
-288
-2052
-3322
-3777
-3323
-2036
-271
1522
2960
3621
3374
2286
624
-1239
-2791
-3669
-3664
-2748
-1179
677
2351
3415
3604
2911
1479
-339
-2117
-3347
-3790
-3292
-2001
-227
1582
2983
3634
3366
2251
573
-1288
-2830
-3698
-3646
-2712
-1132
729
2372
3427
3611
2881
1429
-394
-2154
-3379
-3788
-3268
-1956
-174
1623
3019
3630
3340
2200
514
-1336
-2874
-3696
-3633
-2681
-1061
760
2422
3429
3598
2848
1376
-458
-2192
-3394
-3783
-3248
-1913
-130
1674
3054
3637
3329
2160
449
-1386
-2895
-3710
-3619
-2638
-1021
830
2456
3457
3584
2814
1328
-510
-2240
-3428
-3783
-3224
-1859
-72
1725
3074
3642
3289
2115
403
-1452
-2937
-3716
-3601
-2598
-964
886
2495
3481
3583
2784
1280
-568
-2278
-3453
-3767
-3189
-1805
-11
1776
3107
3646
3269
2063
344
-1496
-2973
-3722
-3582
-2568
-912
942
2543
3487
3565
2735
1232
-619
-2313
-3467
-3771
-3152
-1764
47
1811
3136
3643
3250
2021
287
-1539
-3004
-3742
-3559
-2524
-849
985
2572
3506
3561
2706
1164
-670
-2368
-3489
-3761
-3118
-1704
104
1859
3151
3640
3228
1975
228
-1586
-3038
-3747
-3543
-2475
-795
1038
2623
3527
3543
2672
1122
-724
-2415
-3525
-3745
-3092
-1676
163
1903
3197
3643
3205
1937
174
-1638
-3075
-3747
-3525
-2436
-736
1091
2651
3534
3543
2636
1068
-781
-2444
-3529
-3754
-3055
-1616
216
1965
3206
3657
3179
1887
144
-1679
-3101
-3753
-3510
-2394
-693
1135
2695
3539
3516
2588
1017
-825
-2497
-3562
-3745
-3034
-1571
251
2005
3222
3644
3141
1840
88
-1742
-3141
-3769
-3490
-2342
-657
1177
2724
3555
3506
2550
971
-878
-2536
-3574
-3743
-2997
-1517
314
2035
3263
3652
3105
1794
15
-1784
-3172
-3775
-3465
-2304
-586
1245
2758
3574
3487
2522
924
-939
-2582
-3595
-3734
-2953
-1460
370
2087
3293
3648
3084
1740
-29
-1849
-3204
-3775
-3435
-2257
-532
1297
2795
3587
3481
2476
870
-999
-2615
-3610
-3717
-2922
-1411
421
2141
3331
3642
3068
1703
-84
-1899
-3220
-3775
-3413
-2218
-476
1347
2829
3591
3442
2434
806
-1044
-2661
-3616
-3703
-2893
-1365
479
2184
3323
3641
3023
1663
-134
-1933
-3251
-3770
-3398
-2168
-439
1395
2857
3594
3428
2399
746
-1099
-2698
-3646
-3703
-2862
-1312
532
2225
3339
3619
2997
1609
-206
-1982
-3291
-3786
-3386
-2128
-376
1445
2894
3600
3407
2362
708
-1151
-2733
-3653
-3684
-2825
-1270
593
2261
3374
3625
2968
1554
-263
-2030
-3311
-3767
-3342
-2085
-309
1496
2938
3615
3399
2319
644
-1195
-2778
-3666
-3673
-2782
-1201
647
2311
3401
3612
2928
1511
-311
-2079
-3336
-3776
-3316
-2036
-268
1550
2967
3636
3376
2266
599
-1262
-2810
-3671
-3655
-2733
-1167
697
2359
3414
3616
2899
1457
-354
-2133
-3357
-3784
-3288
-1982
-203
1601
2997
3637
3353
2231
552
-1315
-2852
-3693
-3636
-2705
-1108
736
2381
3445
3601
2874
1405
-409
-2160
-3394
-3782
-3263
-1950
-154
1639
3022
3630
3331
2184
483
-1364
-2884
-3703
-3636
-2660
-1059
784
2441
3447
3589
2831
1362
-468
-2220
-3405
-3784
-3232
-1893
-106
1687
3043
3638
3313
2146
433
-1402
-2921
-3714
-3613
-2629
-1002
846
2462
3464
3593
2805
1321
-519
-2256
-3429
-3768
-3209
-1848
-41
1735
3081
3655
3290
2099
383
-1454
-2945
-3723
-3600
-2594
-949
901
2505
3482
3573
2763
1263
-567
-2296
-3450
-3781
-3171
-1802
6
1783
3109
3647
3270
2064
335
-1505
-2983
-3735
-3578
-2546
-901
960
2542
3492
3566
2730
1205
-622
-2326
-3471
-3773
-3145
-1754
61
1833
3139
3641
3246
2014
276
-1552
-3013
-3738
-3566
-2496
-849
1000
2581
3511
3555
2689
1155
-674
-2378
-3496
-3759
-3115
-1706
118
1870
3172
3635
3220
1971
215
-1606
-3055
-3741
-3536
-2464
-785
1057
2620
3522
3535
2671
1099
-741
-2426
-3526
-3756
-3086
-1661
167
1928
3176
3650
3193
1917
171
-1650
-3079
-3769
-3515
-2434
-736
1120
2657
3539
3537
2625
1062
-791
-2463
-3544
-3741
-3054
-1607
227
1973
3219
3654
3170
1878
121
-1697
-3112
-3764
-3488
-2381
-697
1158
2695
3548
3522
2584
1000
-825
-2497
-3555
-3745
-3015
-1555
273
2024
3234
3650
3144
1830
62
-1751
-3135
-3768
-3483
-2334
-629
1202
2727
3567
3499
2539
949
-890
-2549
-3570
-3732
-2981
-1500
341
2055
3262
3649
3128
1782
15
-1808
-3180
-3770
-3468
-2295
-590
1247
2754
3571
3487
2515
897
-941
-2593
-3593
-3722
-2939
-1465
369
2103
3287
3651
3095
1742
-40
-1848
-3190
-3763
-3427
-2257
-530
1309
2804
3578
3471
2485
849
-989
-2626
-3607
-3721
-2917
-1418
443
2144
3307
3650
3063
1691
-83
-1900
-3229
-3775
-3412
-2216
-469
1349
2824
3590
3450
2438
809
-1038
-2668
-3623
-3713
-2874
-1369
485
2192
3323
3638
3029
1643
-135
-1923
-3259
-3771
-3389
-2166
-424
1406
2865
3595
3429
2396
739
-1092
-2696
-3645
-3691
-2862
-1298
551
2228
3353
3633
2993
1594
-210
-1986
-3282
-3777
-3356
-2123
-360
1469
2896
3606
3411
2343
689
-1146
-2738
-3653
-3682
-2821
-1251
593
2271
3380
3628
2959
1546
-254
-2036
-3318
-3782
-3338
-2075
-316
1515
2927
3624
3395
2302
630
-1216
-2775
-3667
-3675
-2773
-1207
657
2321
3391
3620
2933
1498
-304
-2085
-3339
-3774
-3311
-2028
-251
1559
2969
3624
3374
2268
586
-1269
-2826
-3675
-3659
-2735
-1160
711
2359
3423
3609
2899
1445
-366
-2133
-3365
-3775
-3282
-1985
-208
1593
3007
3635
3350
2226
530
-1305
-2859
-3689
-3639
-2698
-1096
754
2400
3424
3607
2868
1388
-428
-2162
-3402
-3786
-3251
-1925
-141
1642
3023
3629
3331
2184
472
-1358
-2887
-3704
-3626
-2653
-1046
812
2437
3454
3591
2835
1338
-477
-2215
-3423
-3784
-3231
-1881
-100
1709
3047
3644
3311
2134
430
-1405
-2928
-3715
-3607
-2611
-990
863
2485
3472
3579
2800
1291
-535
-2269
-3443
-3772
-3210
-1834
-29
1750
3083
3650
3286
2105
373
-1463
-2960
-3720
-3587
-2575
-939
927
2525
3492
3576
2765
1243
-582
-2307
-3462
-3764
-3169
-1797
30
1810
3110
3648
3264
2048
309
-1504
-2989
-3734
-3577
-2529
-883
971
2553
3485
3564
2732
1203
-639
-2333
-3488
-3758
-3135
-1753
67
1842
3140
3651
3242
2006
265
-1556
-3028
-3740
-3558
-2505
-840
1011
2597
3509
3542
2691
1157
-693
-2384
-3506
-3758
-3104
-1709
126
1878
3179
3646
3223
1963
210
-1614
-3064
-3752
-3526
-2453
-787
1067
2637
3515
3541
2652
1101
-745
-2428
-3524
-3745
-3077
-1656
188
1939
3182
3645
3202
1910
160
-1644
-3093
-3745
-3512
-2413
-733
1129
2670
3533
3528
2610
1048
-796
-2469
-3542
-3754
-3032
-1599
232
1998
3211
3655
3157
1869
111
-1705
-3129
-3755
-3487
-2362
-679
1164
2705
3551
3513
2576
995
-843
-2510
-3560
-3739
-3008
-1538
299
2015
3245
3650
3133
1832
49
-1739
-3147
-3766
-3471
-2322
-624
1224
2731
3555
3503
2549
948
-905
-2563
-3589
-3730
-2969
-1487
327
2068
3266
3641
3108
1765
-10
-1805
-3180
-3776
-3451
-2280
-570
1266
2780
3574
3486
2504
879
-958
-2588
-3607
-3734
-2937
-1451
392
2115
3283
3643
3086
1725
-60
-1867
-3216
-3767
-3428
-2236
-517
1338
2806
3591
3461
2460
841
-1016
-2633
-3613
-3709
-2908
-1397
463
2161
3326
3633
3049
1676
-108
-1906
-3235
-3775
-3401
-2185
-468
1392
2845
3593
3441
2426
784
-1063
-2672
-3628
-3701
-2863
-1327
511
2217
3336
3646
3025
1638
-173
-1952
-3272
-3773
-3368
-2139
-395
1437
2872
3618
3438
2383
737
-1117
-2710
-3653
-3689
-2841
-1289
556
2247
3352
3623
2985
1577
-233
-1997
-3298
-3785
-3363
-2105
-356
1488
2901
3620
3402
2336
668
-1168
-2750
-3658
-3685
-2805
-1237
613
2287
3373
3626
2949
1538
-278
-2041
-3320
-3776
-3326
-2065
-313
1532
2945
3623
3392
2294
622
-1232
-2794
-3677
-3670
-2763
-1202
671
2336
3398
3610
2924
1486
-331
-2088
-3348
-3783
-3302
-2007
-241
1588
2991
3622
3371
2255
579
-1268
-2834
-3690
-3648
-2711
-1127
706
2383
3419
3619
2900
1427
-395
-2128
-3373
-3779
-3269
-1956
-193
1625
3012
3633
3349
2218
516
-1320
-2855
-3700
-3627
-2669
-1087
758
2424
3432
3610
2867
1394
-441
-2169
-3391
-3776
-3246
-1917
-135
1667
3041
3635
3318
2169
457
-1372
-2900
-3719
-3620
-2643
-1037
813
2449
3449
3594
2820
1332
-503
-2215
-3434
-3771
-3214
-1873
-84
1701
3056
3637
3303
2133
409
-1431
-2933
-3730
-3605
-2611
-981
867
2492
3462
3593
2788
1288
-554
-2275
-3443
-3772
-3188
-1815
-21
1776
3095
3647
3275
2086
352
-1468
-2967
-3726
-3585
-2569
-924
928
2533
3475
3573
2759
1230
-606
-2309
-3462
-3771
-3161
-1776
30
1809
3133
3642
3255
2036
292
-1517
-2999
-3735
-3572
-2514
-873
978
2577
3500
3555
2709
1179
-657
-2360
-3485
-3759
-3125
-1722
84
1852
3158
3646
3236
1996
243
-1576
-3038
-3742
-3539
-2485
-818
1039
2603
3522
3538
2685
1128
-714
-2401
-3516
-3755
-3091
-1686
131
1922
3172
3650
3198
1955
179
-1622
-3077
-3766
-3524
-2437
-763
1091
2647
3523
3534
2634
1070
-772
-2434
-3539
-3746
-3056
-1620
197
1975
3190
3650
3190
1903
145
-1679
-3110
-3758
-3503
-2393
-722
1142
2684
3557
3525
2601
1031
-817
-2483
-3556
-3735
-3025
-1567
244
2010
3233
3650
3156
1858
78
-1720
-3127
-3758
-3488
-2350
-661
1188
2715
3559
3516
2566
971
-878
-2515
-3573
-3730
-2991
-1523
296
2040
3249
3656
3131
1803
27
-1782
-3157
-3765
-3464
-2285
-601
1241
2760
3562
3492
2535
920
-923
-2568
-3592
-3726
-2964
-1475
342
2089
3268
3641
3100
1761
-36
-1829
-3198
-3779
-3443
-2268
-552
1293
2791
3580
3483
2483
861
-972
-2611
-3592
-3721
-2929
-1435
421
2139
3304
3644
3072
1715
-79
-1874
-3218
-3783
-3409
-2229
-500
1344
2819
3592
3459
2454
831
-1038
-2639
-3621
-3702
-2896
-1377
459
2179
3323
3634
3040
1677
-139
-1919
-3248
-3785
-3393
-2174
-439
1396
2866
3591
3438
2413
769
-1091
-2679
-3648
-3698
-2856
-1318
518
2225
3339
3640
3003
1627
-194
-1967
-3277
-3781
-3373
-2128
-381
1437
2904
3607
3417
2378
714
-1145
-2719
-3652
-3674
-2822
-1264
564
2261
3364
3625
2979
1575
-243
-2018
-3301
-3782
-3354
-2094
-338
1493
2921
3603
3412
2326
664
-1192
-2759
-3661
-3684
-2794
-1213
613
2308
3388
3625
2942
1528
-295
-2064
-3333
-3785
-3319
-2039
-289
1537
2968
3622
3373
2290
611
-1241
-2802
-3680
-3660
-2745
-1171
685
2356
3406
3613
2923
1476
-345
-2109
-3350
-3778
-3293
-1993
-237
1577
2989
3634
3364
2251
553
-1293
-2827
-3694
-3648
-2703
-1110
716
2399
3418
3611
2899
1424
-405
-2149
-3386
-3779
-3256
-1937
-184
1640
3019
3629
3345
2201
502
-1347
-2866
-3692
-3627
-2661
-1074
778
2425
3443
3600
2853
1377
-464
-2194
-3406
-3788
-3238
-1893
-126
1679
3041
3629
3319
2164
449
-1396
-2904
-3718
-3617
-2634
-1014
829
2461
3460
3589
2811
1328
-515
-2242
-3431
-3781
-3214
-1860
-67
1719
3075
3630
3299
2115
394
-1449
-2935
-3706
-3602
-2591
-977
887
2499
3482
3579
2781
1275
-565
-2288
-3454
-3779
-3184
-1819
-13
1783
3101
3644
3275
2074
339
-1493
-2967
-3742
-3575
-2546
-904
928
2542
3485
3573
2754
1219
-619
-2314
-3464
-3769
-3141
-1752
45
1819
3136
3636
3246
2026
285
-1543
-3003
-3737
-3556
-2508
-849
973
2583
3506
3556
2711
1169
-658
-2356
-3492
-3760
-3137
-1711
93
1853
3166
3638
3225
1987
234
-1582
-3039
-3743
-3547
-2473
-818
1046
2614
3516
3543
2677
1120
-731
-2408
-3517
-3753
-3101
-1682
145
1911
3174
3648
3208
1934
181
-1632
-3074
-3760
-3531
-2424
-766
1081
2654
3527
3537
2630
1071
-780
-2446
-3535
-3756
-3060
-1619
193
1968
3203
3644
3166
1882
131
-1695
-3100
-3763
-3511
-2394
-702
1135
2694
3540
3513
2597
1030
-834
-2495
-3556
-3737
-3024
-1560
253
1991
3232
3649
3142
1845
65
-1735
-3133
-3772
-3475
-2340
-641
1190
2722
3559
3500
2554
967
-903
-2540
-3576
-3739
-2992
-1500
310
2046
3259
3652
3122
1802
7
-1796
-3159
-3769
-3470
-2297
-583
1249
2756
3565
3490
2525
915
-957
-2570
-3594
-3726
-2961
-1465
353
2093
3283
3636
3090
1747
-42
-1854
-3194
-3788
-3448
-2260
-544
1291
2796
3577
3460
2490
855
-997
-2620
-3601
-3718
-2926
-1417
406
2140
3291
3636
3057
1700
-84
-1906
-3231
-3782
-3435
-2225
-492
1335
2831
3590
3452
2438
815
-1046
-2651
-3623
-3706
-2900
-1358
467
2180
3315
3638
3026
1663
-155
-1937
-3257
-3781
-3391
-2162
-427
1389
2857
3600
3424
2403
760
-1103
-2697
-3648
-3691
-2853
-1309
531
2224
3353
3625
2991
1602
-208
-1977
-3285
-3787
-3370
-2124
-377
1442
2892
3595
3412
2354
704
-1144
-2734
-3657
-3693
-2813
-1264
571
2266
3373
3623
2957
1565
-253
-2025
-3310
-3789
-3346
-2085
-327
1490
2926
3613
3394
2319
652
-1211
-2761
-3664
-3678
-2783
-1219
624
2306
3393
3611
2928
1508
-311
-2082
-3331
-3788
-3326
-2033
-277
1545
2964
3617
3365
2270
599
-1260
-2807
-3676
-3663
-2738
-1158
677
2344
3415
3612
2907
1456
-367
-2121
-3362
-3780
-3289
-1983
-222
1578
2989
3619
3361
2228
535
-1306
-2845
-3703
-3642
-2704
-1108
730
2401
3425
3610
2861
1403
-426
-2169
-3378
-3786
-3261
-1940
-152
1636
3015
3633
3336
2190
491
-1352
-2881
-3712
-3646
-2656
-1052
795
2423
3446
3584
2840
1364
-477
-2207
-3418
-3780
-3233
-1891
-105
1687
3049
3644
3305
2142
439
-1409
-2910
-3718
-3609
-2636
-1011
838
2468
3459
3590
2800
1313
-534
-2262
-3428
-3783
-3207
-1837
-63
1731
3073
3647
3288
2108
396
-1452
-2955
-3726
-3591
-2588
-959
890
2493
3480
3577
2753
1261
-582
-2288
-3450
-3777
-3182
-1799
0
1771
3107
3633
3275
2055
327
-1500
-2989
-3731
-3568
-2545
-895
941
2554
3498
3558
2731
1204
-648
-2341
-3477
-3771
-3145
-1748
51
1818
3146
3634
3245
2007
274
-1559
-3018
-3742
-3558
-2506
-837
1001
2581
3509
3551
2694
1155
-687
-2385
-3504
-3766
-3126
-1708
101
1875
3160
3643
3223
1964
221
-1603
-3045
-3758
-3541
-2461
-785
1056
2627
3521
3555
2657
1102
-736
-2425
-3520
-3755
-3085
-1662
161
1925
3183
3647
3193
1922
176
-1666
-3081
-3758
-3521
-2415
-755
1111
2659
3532
3522
2615
1064
-793
-2469
-3535
-3746
-3049
-1594
210
1974
3212
3650
3168
1873
105
-1709
-3112
-3757
-3499
-2367
-667
1153
2708
3554
3515
2587
1006
-851
-2505
-3544
-3741
-3015
-1548
273
2013
3244
3632
3141
1823
59
-1753
-3135
-3764
-3479
-2334
-626
1212
2739
3558
3508
2544
953
-902
-2554
-3565
-3733
-2973
-1493
331
2047
3271
3658
3106
1785
10
-1808
-3168
-3765
-3459
-2286
-585
1257
2770
3578
3488
2498
906
-950
-2591
-3587
-3727
-2953
-1451
388
2103
3295
3648
3078
1740
-45
-1851
-3202
-3777
-3438
-2251
-523
1307
2806
3579
3467
2460
842
-1011
-2630
-3602
-3714
-2913
-1397
432
2148
3306
3641
3038
1692
-104
-1901
-3235
-3778
-3409
-2204
-463
1356
2841
3593
3450
2423
788
-1052
-2666
-3625
-3695
-2876
-1340
488
2193
3333
3638
3020
1645
-163
-1944
-3254
-3772
-3379
-2158
-393
1417
2868
3603
3432
2381
746
-1114
-2706
-3639
-3686
-2843
-1294
550
2240
3354
3630
2997
1600
-209
-1978
-3296
-3778
-3362
-2110
-355
1451
2905
3611
3417
2352
694
-1168
-2746
-3645
-3672
-2806
-1250
598
2272
3383
3624
2961
1556
-263
-2041
-3310
-3781
-3329
-2066
-308
1520
2931
3625
3379
2300
642
-1220
-2784
-3674
-3661
-2767
-1203
662
2309
3404
3613
2923
1489
-324
-2095
-3343
-3782
-3308
-2020
-267
1545
2973
3621
3369
2261
578
-1273
-2813
-3682
-3651
-2728
-1155
694
2369
3409
3605
2905
1447
-362
-2123
-3362
-3791
-3275
-1981
-206
1599
2997
3633
3356
2224
526
-1315
-2846
-3695
-3631
-2697
-1088
769
2389
3444
3598
2867
1400
-417
-2173
-3390
-3777
-3252
-1941
-144
1646
3021
3636
3331
2175
484
-1376
-2878
-3696
-3627
-2654
-1036
799
2432
3455
3606
2829
1358
-462
-2211
-3418
-3786
-3223
-1886
-93
1694
3055
3644
3310
2137
441
-1412
-2918
-3708
-3606
-2623
-1000
855
2469
3468
3596
2792
1299
-534
-2269
-3436
-3772
-3206
-1844
-41
1753
3085
3635
3286
2083
364
-1466
-2965
-3726
-3596
-2585
-932
898
2511
3481
3558
2767
1248
-581
-2306
-3446
-3783
-3166
-1789
18
1783
3113
3642
3263
2047
313
-1512
-2991
-3728
-3565
-2541
-890
955
2549
3503
3569
2727
1197
-637
-2344
-3482
-3762
-3135
-1752
67
1831
3143
3650
3241
2003
261
-1559
-3023
-3740
-3548
-2498
-833
1020
2600
3504
3557
2700
1150
-686
-2385
-3501
-3751
-3095
-1697
131
1882
3168
3650
3220
1958
226
-1612
-3057
-3748
-3530
-2459
-780
1082
2629
3516
3553
2656
1098
-748
-2432
-3523
-3759
-3058
-1653
188
1940
3193
3653
3186
1903
164
-1667
-3088
-3757
-3518
-2405
-735
1112
2665
3538
3527
2613
1041
-803
-2476
-3544
-3745
-3040
-1588
238
1973
3222
3650
3165
1873
86
-1716
-3125
-3768
-3498
-2376
-667
1159
2696
3548
3514
2576
983
-867
-2509
-3568
-3738
-3018
-1541
293
2027
3250
3647
3133
1807
55
-1767
-3153
-3764
-3471
-2319
-616
1229
2735
3576
3495
2536
939
-907
-2558
-3581
-3729
-2959
-1505
345
2066
3274
3653
3104
1776
-8
-1812
-3177
-3774
-3445
-2277
-565
1276
2774
3583
3476
2503
884
-960
-2605
-3597
-3713
-2942
-1434
414
2118
3300
3643
3082
1728
-47
-1867
-3213
-3774
-3418
-2232
-515
1339
2801
3584
3457
2455
826
-1013
-2634
-3613
-3703
-2907
-1383
455
2154
3324
3636
3044
1680
-120
-1910
-3240
-3784
-3418
-2200
-444
1370
2855
3588
3443
2417
791
-1065
-2675
-3628
-3693
-2869
-1337
506
2191
3333
3640
3014
1624
-171
-1953
-3278
-3770
-3376
-2154
-391
1429
2875
3600
3425
2366
718
-1120
-2725
-3638
-3685
-2834
-1286
568
2262
3356
3630
2981
1577
-223
-2009
-3297
-3786
-3356
-2099
-339
1483
2913
3613
3405
2332
672
-1179
-2755
-3654
-3671
-2792
-1232
623
2290
3393
3626
2962
1523
-279
-2054
-3313
-3776
-3321
-2044
-285
1535
2949
3619
3383
2289
625
-1226
-2787
-3675
-3662
-2738
-1182
663
2339
3407
3620
2915
1466
-348
-2092
-3344
-3778
-3294
-2000
-237
1573
2975
3620
3379
2253
561
-1269
-2832
-3677
-3649
-2722
-1148
712
2383
3418
3616
2896
1429
-387
-2136
-3368
-3781
-3270
-1968
-180
1626
2997
3632
3357
2205
508
-1335
-2854
-3696
-3621
-2682
-1083
785
2419
3446
3594
2853
1399
-439
-2181
-3397
-3778
-3242
-1916
-129
1666
3040
3639
3327
2170
470
-1370
-2901
-3696
-3618
-2648
-1029
816
2448
3455
3593
2834
1344
-496
-2229
-3410
-3770
-3207
-1872
-88
1718
3060
3640
3306
2119
416
-1424
-2930
-3716
-3591
-2592
-980
891
2487
3472
3586
2794
1285
-557
-2257
-3447
-3773
-3187
-1819
-15
1751
3101
3630
3287
2099
363
-1464
-2973
-3727
-3579
-2559
-926
925
2528
3490
3577
2760
1231
-594
-2311
-3465
-3756
-3143
-1779
37
1800
3131
3639
3261
2051
297
-1518
-2999
-3731
-3562
-2520
-878
987
2563
3520
3566
2727
1174
-660
-2351
-3484
-3755
-3113
-1726
86
1874
3146
3654
3243
1991
249
-1571
-3031
-3729
-3534
-2477
-817
1037
2606
3518
3550
2685
1133
-707
-2395
-3511
-3753
-3094
-1674
147
1913
3171
3649
3220
1940
206
-1618
-3067
-3746
-3531
-2433
-775
1089
2640
3525
3537
2644
1081
-763
-2445
-3523
-3743
-3059
-1621
184
1952
3207
3658
3181
1902
140
-1676
-3105
-3756
-3509
-2391
-718
1137
2673
3537
3526
2605
1026
-815
-2491
-3548
-3744
-3036
-1577
251
1983
3229
3657
3147
1853
89
-1714
-3130
-3768
-3488
-2346
-652
1186
2717
3561
3520
2576
981
-867
-2525
-3561
-3734
-2997
-1530
306
2042
3243
3658
3137
1815
33
-1762
-3154
-3768
-3470
-2312
-611
1241
2750
3570
3500
2538
934
-905
-2569
-3575
-3724
-2958
-1481
359
2091
3289
3641
3108
1768
-21
-1810
-3186
-3776
-3438
-2264
-555
1305
2792
3585
3468
2494
871
-972
-2604
-3597
-3705
-2929
-1436
405
2137
3292
3655
3071
1725
-85
-1862
-3221
-3770
-3415
-2221
-501
1332
2816
3593
3463
2460
824
-1027
-2636
-3627
-3704
-2904
-1386
452
2164
3309
3632
3046
1671
-138
-1904
-3256
-3782
-3401
-2174
-438
1405
2838
3598
3439
2418
764
-1073
-2673
-3634
-3697
-2858
-1321
522
2217
3346
3626
3016
1618
-189
-1959
-3273
-3776
-3377
-2138
-400
1440
2884
3610
3421
2374
722
-1123
-2715
-3646
-3687
-2823
-1277
571
2252
3368
3633
2982
1584
-239
-2002
-3296
-3781
-3349
-2086
-337
1486
2917
3619
3411
2333
665
-1170
-2756
-3663
-3666
-2775
-1236
630
2306
3385
3633
2957
1519
-285
-2045
-3327
-3781
-3312
-2038
-301
1542
2952
3623
3386
2292
605
-1224
-2790
-3674
-3660
-2748
-1176
669
2347
3400
3618
2920
1466
-349
-2090
-3352
-3790
-3292
-1999
-248
1581
2981
3628
3373
2250
559
-1282
-2837
-3679
-3642
-2712
-1136
728
2383
3418
3611
2883
1427
-401
-2141
-3370
-3784
-3268
-1955
-176
1621
3009
3646
3345
2214
512
-1342
-2862
-3700
-3622
-2678
-1065
774
2432
3435
3606
2858
1370
-453
-2191
-3397
-3768
-3242
-1904
-115
1681
3052
3640
3313
2166
452
-1384
-2908
-3720
-3619
-2621
-1014
835
2456
3459
3595
2823
1320
-502
-2226
-3432
-3771
-3199
-1855
-73
1737
3081
3652
3308
2121
404
-1449
-2939
-3717
-3585
-2586
-951
881
2501
3473
3587
2787
1270
-565
-2272
-3451
-3768
-3186
-1801
-16
1764
3104
3638
3273
2075
333
-1484
-2973
-3730
-3580
-2546
-913
932
2543
3488
3571
2746
1218
-614
-2311
-3464
-3764
-3153
-1771
34
1816
3128
3648
3254
2036
283
-1536
-3009
-3739
-3553
-2510
-870
993
2579
3504
3565
2719
1173
