Setup Complete
Measured Signal: 
2461
2276
2106
1931
-426
-626
-848
-1044
-1237
-1427
-1613
-1819
-1997
2170
2337
2500
2656
2824
2966
3101
3228
3348
3473
3575
3669
3754
3830
3904
3960
4006
4043
4070
4089
4095
4090
4075
4051
4011
3966
3911
3847
3774
3691
3588
3486
3377
3259
3133
2983
2842
2694
2539
2378
2191
2018
1841
1659
1474
1261
1068
873
675
476
251
50
-127
-327
-527
-726
-947
-1142
-1333
-1522
-1706
-1909
-2085
-2255
2420
2579
2751
2897
3035
3166
3290
3420
3526
3624
3714
3794
3873
3934
3985
4027
4059
4081
4094
4095
4085
4065
4036
3991
3941
3881
3812
3734
3636
3539
3434
3320
-3198
-3052
-2914
-2770
-2618
-2461
-2276
-2106
-1931
-1752
-1568
-1381
-1166
-972
-775
-577
-377
-152
25
226
426
626
848
1044
1237
1427
1613
1819
1997
2170
2337
2500
-2656
-2824
-2966
-3101
-3228
-3348
-3473
-3575
-3669
-3754
-3830
-3904
-3960
-4006
-4043
-4070
-4089
-4095
-4090
-4075
-4051
-4011
-3966
-3911
-3847
-3774
-3691
-3588
-3486
-3377
-3259
-3133
2983
2842
2694
2539
2378
2191
2018
1841
1659
1474
1261
1068
873
675
476
251
50
-127
-327
-527
-726
-947
-1142
-1333
-1522
-1706
-1909
-2085
-2255
-2420
-2579
-2751
2897
3035
3166
3290
3420
3526
3624
3714
3794
3873
3934
3985
4027
4059
4081
4094
4095
4085
4065
4036
3991
3941
3881
3812
3734
3636
3539
3434
3320
3198
3052
2914
-2770
-2618
-2461
-2276
-2106
-1931
-1752
-1568
-1381
-1166
-972
-775
-577
-377
-152
25
226
426
626
848
1044
1237
1427
1613
1819
1997
2170
2337
2500
2656
2824
2966
3101
3228
3348
3473
3575
3669
3754
3830
3904
3960
4006
4043
4070
4089
4095
4090
4075
4051
4011
3966
3911
3847
3774
3691
3588
3486
3377
3259
3133
2983
2842
2694
-2539
-2378
-2191
-2018
-1841
-1659
-1474
-1261
-1068
-873
-675
-476
-251
-50
127
327
527
726
947
1142
1333
1522
1706
1909
2085
2255
2420
2579
2751
2897
3035
3166
-3290
-3420
-3526
-3624
-3714
-3794
-3873
-3934
-3985
-4027
-4059
-4081
-4094
-4095
-4085
-4065
-4036
-3991
-3941
-3881
-3812
-3734
-3636
-3539
-3434
-3320
-3198
-3052
-2914
-2770
-2618
-2461
2276
2106
1931
1752
1568
1381
1166
972
775
577
377
152
-25
-226
-426
-626
-848
-1044
-1237
-1427
-1613
-1819
-1997
-2170
-2337
-2500
-2656
-2824
-2966
-3101
-3228
-3348
3473
3575
3669
3754
3830
3904
3960
4006
4043
4070
4089
4095
4090
4075
4051
4011
3966
3911
3847
3774
3691
3588
3486
3377
3259
3133
2983
2842
2694
2539
2378
2191
2018
1841
1659
1474
1261
1068
873
675
476
251
50
-127
-327
-527
-726
-947
-1142
-1333
-1522
-1706
-1909
-2085
-2255
-2420
-2579
-2751
-2897
-3035
-3166
-3290
-3420
-3526
-3624
-3714
-3794
-3873
-3934
-3985
-4027
-4059
-4081
-4094
-4095
-4085
-4065
-4036
-3991
-3941
-3881
-3812
-3734
-3636
-3539
-3434
-3320
-3198
-3052
-2914
-2770
-2618
-2461
-2276
-2106
-1931
1752
1568
1381
1166
972
775
577
377
152
-25
-226
-426
-626
-848
-1044
-1237
-1427
-1613
-1819
-1997
-2170
-2337
-2500
-2656
-2824
-2966
-3101
-3228
-3348
-3473
-3575
-3669
3754
3830
3904
3960
4006
4043
4070
4089
4095
4090
4075
4051
4011
3966
3911
3847
3774
3691
3588
3486
3377
3259
3133
2983
2842
2694
2539
2378
2191
2018
1841
1659
1474
1261
1068
873
675
476
251
50
-127
-327
-527
-726
-947
-1142
-1333
-1522
-1706
-1909
-2085
-2255
-2420
-2579
-2751
-2897
-3035
-3166
-3290
-3420
-3526
-3624
-3714
-3794
3873
3934
3985
4027
4059
4081
4094
4095
4085
4065
4036
3991
3941
3881
3812
3734
3636
3539
3434
3320
3198
3052
2914
2770
2618
2461
2276
2106
1931
1752
1568
1381
-1166
-972
-775
-577
-377
-152
25
226
426
626
848
1044
1237
1427
1613
1819
1997
2170
2337
2500
2656
2824
2966
3101
3228
3348
3473
3575
3669
3754
3830
3904
-3960
-4006
-4043
-4070
-4089
-4095
-4090
-4075
-4051
-4011
-3966
-3911
-3847
-3774
-3691
-3588
-3486
-3377
-3259
-3133
-2983
-2842
-2694
-2539
-2378
-2191
-2018
-1841
-1659
-1474
-1261
-1068
-873
-675
-476
-251
-50
127
327
527
726
947
1142
1333
1522
1706
1909
2085
2255
2420
2579
2751
2897
3035
3166
3290
3420
3526
3624
3714
3794
3873
3934
3985
-4027
-4059
-4081
-4094
-4095
-4085
-4065
-4036
-3991
-3941
-3881
-3812
-3734
-3636
-3539
-3434
-3320
-3198
-3052
-2914
-2770
-2618
-2461
-2276
-2106
-1931
-1752
-1568
-1381
-1166
-972
-775
577
377
152
-25
-226
-426
-626
-848
-1044
-1237
-1427
-1613
-1819
-1997
-2170
-2337
-2500
-2656
-2824
-2966
-3101
-3228
-3348
-3473
-3575
-3669
-3754
-3830
-3904
-3960
-4006
-4043
4070
4089
4095
4090
4075
4051
4011
3966
3911
3847
3774
3691
3588
3486
3377
3259
3133
2983
2842
2694
2539
2378
2191
2018
1841
1659
1474
1261
1068
873
675
476
251
50
-127
-327
-527
-726
-947
-1142
-1333
-1522
-1706
-1909
-2085
-2255
-2420
-2579
-2751
-2897
-3035
-3166
-3290
-3420
-3526
-3624
-3714
-3794
-3873
-3934
-3985
-4027
-4059
-4081
-4094
-4095
-4085
-4065
-4036
-3991
-3941
-3881
-3812
-3734
-3636
-3539
-3434
-3320
-3198
-3052
-2914
-2770
-2618
-2461
-2276
-2106
-1931
-1752
-1568
-1381
-1166
-972
-775
-577
-377
-152
-25
-226
-426
-626
-848
-1044
-1237
-1427
-1613
-1819
-1997
-2170
-2337
-2500
-2656
-2824
-2966
-3101
-3228
-3348
-3473
-3575
-3669
-3754
-3830
-3904
-3960
-4006
-4043
-4070
-4089
-4095
-4090
-4075
-4051
-4011
-3966
-3911
-3847
-3774
-3691
-3588
-3486
-3377
-3259
-3133
-2983
-2842
-2694
-2539
-2378
-2191
-2018
-1841
-1659
-1474
-1261
-1068
-873
-675
-476
-251
-50
127
-327
-527
-726
-947
-1142
-1333
-1522
-1706
-1909
-2085
-2255
-2420
-2579
-2751
-2897
-3035
-3166
-3290
-3420
-3526
-3624
-3714
-3794
-3873
-3934
-3985
-4027
-4059
-4081
-4094
-4095
-4085
-4065
-4036
-3991
-3941
-3881
-3812
-3734
-3636
-3539
-3434
-3320
-3198
-3052
-2914
-2770
-2618
-2461
-2276
-2106
-1931
-1752
-1568
-1381
-1166
-972
-775
-577
-377
-152
25
226
426
-626
-848
-1044
-1237
-1427
-1613
-1819
-1997
-2170
-2337
-2500
-2656
-2824
-2966
-3101
-3228
-3348
-3473
-3575
-3669
-3754
-3830
-3904
-3960
-4006
-4043
-4070
-4089
-4095
-4090
-4075
-4051
-4011
-3966
-3911
-3847
-3774
-3691
-3588
-3486
-3377
-3259
-3133
-2983
-2842
-2694
-2539
-2378
-2191
-2018
-1841
-1659
-1474
-1261
-1068
-873
-675
-476
-251
-50
127
327
527
726
947
1142
1333
1522
1706
1909
2085
2255
2420
2579
2751
2897
3035
3166
3290
3420
3526
3624
3714
3794
3873
3934
3985
4027
4059
4081
4094
4095
4085
4065
4036
3991
-3941
-3881
-3812
-3734
-3636
-3539
-3434
-3320
-3198
-3052
-2914
-2770
-2618
-2461
-2276
-2106
-1931
-1752
-1568
-1381
-1166
-972
-775
-577
-377
-152
25
226
426
626
848
1044
1237
1427
1613
1819
1997
2170
2337
2500
2656
2824
2966
3101
3228
3348
3473
3575
3669
3754
3830
3904
3960
4006
4043
4070
4089
4095
4090
4075
4051
4011
3966
3911
-3847
-3774
-3691
-3588
-3486
-3377
-3259
-3133
-2983
-2842
-2694
-2539
-2378
-2191
-2018
-1841
-1659
-1474
-1261
-1068
-873
-675
-476
-251
-50
127
327
527
726
947
1142
1333
1522
1706
1909
2085
2255
2420
2579
2751
2897
3035
3166
3290
3420
3526
3624
3714
3794
3873
3934
3985
4027
4059
4081
4094
4095
4085
4065
4036
3991
3941
3881
3812
3734
3636
3539
3434
3320
3198
3052
2914
2770
2618
2461
2276
2106
1931
1752
1568
1381
1166
972
775
577
377
152
-25
-226
-426
-626
-848
-1044
-1237
-1427
-1613
-1819
-1997
-2170
-2337
-2500
-2656
-2824
-2966
-3101
-3228
-3348
-3473
-3575
-3669
-3754
-3830
-3904
-3960
-4006
-4043
-4070
-4089
-4095
-4090
-4075
-4051
-4011
-3966
-3911
-3847
-3774
-3691
3588
3486
3377
3259
3133
2983
2842
2694
2539
2378
2191
2018
1841
1659
1474
1261
1068
873
675
476
251
50
-127
-327
-527
-726
-947
-1142
-1333
-1522
-1706
-1909
-2085
-2255
-2420
-2579
-2751
-2897
-3035
-3166
-3290
-3420
-3526
-3624
-3714
-3794
-3873
-3934
-3985
-4027
-4059
-4081
-4094
-4095
-4085
-4065
-4036
-3991
-3941
-3881
-3812
-3734
-3636
-3539
-3434
-3320
-3198
-3052
-2914
-2770
-2618
-2461
-2276
-2106
-1931
-1752
-1568
-1381
-1166
-972
-775
-577
-377
-152
25
226
426
626
848
1044
1237
1427
1613
1819
1997
2170
-2337
-2500
-2656
-2824
-2966
-3101
-3228
-3348
-3473
-3575
-3669
-3754
-3830
-3904
-3960
-4006
-4043
-4070
-4089
-4095
-4090
-4075
-4051
-4011
-3966
-3911
-3847
-3774
-3691
-3588
-3486
-3377
-3259
-3133
-2983
-2842
-2694
-2539
-2378
-2191
-2018
-1841
-1659
-1474
-1261
-1068
-873
-675
-476
-251
-50
127
327
527
726
947
1142
1333
1522
1706
1909
2085
2255
2420
-2579
-2751
-2897
-3035
-3166
-3290
-3420
-3526
-3624
-3714
-3794
-3873
-3934
-3985
-4027
-4059
-4081
-4094
-4095
-4085
-4065
-4036
-3991
-3941
-3881
-3812
-3734
-3636
-3539
-3434
-3320
-3198
3052
2914
2770
2618
2461
2276
2106
1931
1752
1568
1381
1166
972
775
577
377
152
-25
-226
-426
-626
-848
-1044
-1237
-1427
-1613
-1819
-1997
-2170
-2337
-2500
-2656
-2824
-2966
-3101
-3228
-3348
-3473
-3575
-3669
-3754
-3830
-3904
-3960
-4006
-4043
-4070
-4089
-4095
-4090
-4075
-4051
-4011
-3966
-3911
-3847
-3774
-3691
-3588
-3486
-3377
-3259
-3133
-2983
2842
2694
2539
2378
2191
2018
1841
1659
1474
1261
1068
873
675
476
251
50
-127
-327
-527
-726
-947
-1142
-1333
-1522
-1706
-1909
-2085
-2255
-2420
-2579
-2751
-2897
-3035
-3166
-3290
-3420
-3526
-3624
-3714
-3794
-3873
-3934
-3985
-4027
-4059
-4081
-4094
-4095
-4085
-4065
-4036
-3991
-3941
-3881
-3812
-3734
-3636
-3539
-3434
-3320
-3198
-3052
-2914
-2770
-2618
-2461
-2276
-2106
-1931
-1752
-1568
-1381
-1166
-972
-775
-577
-377
-152
25
226
426
626
848
1044
1237
1427
1613
1819
1997
2170
2337
2500
2656
2824
2966
3101
3228
3348
3473
3575
3669
3754
3830
3904
3960
4006
4043
4070
4089
4095
4090
4075
4051
4011
3966
3911
3847
3774
3691
3588
3486
3377
3259
3133
2983
2842
2694
2539
-2378
-2191
-2018
-1841
-1659
-1474
-1261
-1068
-873
-675
-476
-251
-50
127
327
527
726
947
1142
1333
1522
1706
1909
2085
2255
2420
2579
2751
2897
3035
3166
3290
-3420
-3526
-3624
-3714
-3794
-3873
-3934
-3985
-4027
-4059
-4081
-4094
-4095
-4085
-4065
-4036
-3991
-3941
-3881
-3812
-3734
-3636
-3539
-3434
-3320
-3198
-3052
-2914
-2770
-2618
-2461
-2276
-2106
-1931
-1752
-1568
-1381
-1166
-972
-775
-577
-377
-152
25
226
426
626
848
1044
1237
1427
1613
1819
1997
2170
2337
2500
2656
2824
2966
3101
3228
3348
3473
3575
3669
3754
3830
3904
3960
4006
4043
4070
4089
4095
4090
4075
4051
4011
3966
3911
3847
3774
3691
3588
3486
3377
3259
3133
2983
2842
2694
2539
2378
2191
2018
-1841
-1659
-1474
-1261
-1068
-873
-675
-476
-251
-50
127
327
527
726
947
1142
1333
1522
1706
1909
2085
2255
2420
2579
2751
2897
3035
3166
3290
3420
3526
3624
-3714
-3794
-3873
-3934
-3985
-4027
-4059
-4081
-4094
-4095
-4085
-4065
-4036
-3991
-3941
-3881
-3812
-3734
-3636
-3539
-3434
-3320
-3198
-3052
-2914
-2770
-2618
-2461
-2276
-2106
-1931
-1752
1568
1381
1166
972
775
577
377
152
-25
-226
-426
-626
-848
-1044
-1237
-1427
-1613
-1819
-1997
-2170
-2337
-2500
-2656
-2824
-2966
-3101
-3228
-3348
-3473
-3575
-3669
-3754
-3830
-3904
-3960
-4006
-4043
-4070
-4089
-4095
-4090
-4075
-4051
-4011
-3966
-3911
-3847
-3774
-3691
-3588
-3486
-3377
-3259
-3133
-2983
-2842
-2694
-2539
-2378
-2191
-2018
-1841
-1659
-1474
-1261
-1068
-873
-675
-476
-251
-50
127
327
527
726
947
1142
1333
1522
1706
1909
2085
2255
2420
2579
2751
2897
3035
3166
3290
3420
3526
3624
3714
3794
3873
-3934
-3985
-4027
-4059
-4081
-4094
-4095
-4085
-4065
-4036
-3991
-3941
-3881
-3812
-3734
-3636
-3539
-3434
-3320
-3198
-3052
-2914
-2770
-2618
-2461
-2276
-2106
-1931
-1752
-1568
-1381
-1166
972
775
577
377
152
-25
-226
-426
-626
-848
-1044
-1237
-1427
-1613
-1819
-1997
-2170
-2337
-2500
-2656
-2824
-2966
-3101
-3228
-3348
-3473
-3575
-3669
-3754
-3830
-3904
-3960
4006
4043
4070
4089
4095
4090
4075
4051
4011
3966
3911
3847
3774
3691
3588
3486
3377
3259
3133
2983
2842
2694
2539
2378
2191
2018
1841
1659
1474
1261
1068
873
-675
-476
-251
-50
127
327
527
726
947
1142
1333
1522
1706
1909
2085
2255
2420
2579
2751
2897
3035
3166
3290
3420
3526
3624
3714
3794
3873
3934
3985
4027
4059
4081
4094
4095
4085
4065
4036
3991
3941
3881
3812
3734
3636
3539
3434
3320
3198
3052
2914
2770
2618
2461
2276
2106
1931
1752
1568
1381
1166
972
775
577
377
152
-25
-226
-426
-626
-848
-1044
-1237
-1427
-1613
-1819
-1997
-2170
-2337
-2500
-2656
-2824
-2966
-3101
-3228
-3348
-3473
-3575
-3669
-3754
-3830
-3904
-3960
-4006
-4043
-4070
-4089
-4095
-4090
-4075
-4051
-4011
-3966
-3911
-3847
-3774
-3691
-3588
-3486
-3377
-3259
-3133
-2983
-2842
-2694
-2539
-2378
-2191
-2018
-1841
-1659
-1474
-1261
-1068
-873
-675
-476
-251
50
-127
-327
-527
-726
-947
-1142
-1333
-1522
-1706
-1909
-2085
-2255
-2420
-2579
-2751
-2897
-3035
-3166
-3290
-3420
-3526
-3624
-3714
-3794
-3873
-3934
-3985
-4027
-4059
-4081
-4094
4095
4085
4065
4036
3991
3941
3881
3812
3734
3636
3539
3434
3320
3198
3052
2914
2770
2618
2461
2276
2106
1931
1752
1568
1381
1166
972
775
577
377
152
-25
-226
-426
-626
-848
-1044
-1237
-1427
-1613
-1819
-1997
-2170
-2337
-2500
-2656
-2824
-2966
-3101
-3228
-3348
-3473
-3575
-3669
-3754
-3830
-3904
-3960
-4006
-4043
-4070
-4089
-4095
-4090
4075
4051
4011
3966
3911
3847
3774
3691
3588
3486
3377
3259
3133
2983
2842
2694
2539
2378
2191
2018
1841
1659
1474
1261
1068
873
675
476
251
50
-127
-327
527
726
947
1142
1333
1522
1706
1909
2085
2255
2420
2579
2751
2897
3035
3166
3290
3420
3526
3624
3714
3794
3873
3934
3985
4027
4059
4081
4094
4095
4085
4065
4036
3991
3941
3881
3812
3734
3636
3539
3434
3320
3198
3052
2914
2770
2618
2461
2276
2106
1931
1752
1568
1381
1166
972
775
577
377
152
-25
-226
-426
-626
-848
-1044
-1237
-1427
-1613
-1819
-1997
-2170
-2337
-2500
-2656
-2824
-2966
-3101
-3228
-3348
-3473
-3575
-3669
-3754
-3830
-3904
-3960
-4006
-4043
-4070
-4089
-4095
-4090
-4075
-4051
-4011
-3966
-3911
-3847
-3774
-3691
-3588
-3486
-3377
-3259
-3133
-2983
-2842
-2694
-2539
-2378
-2191
-2018
-1841
-1659
-1474
-1261
-1068
-873
-675
-476
-251
-50
127
327
527
726
947
1142
1333
1522
1706
1909
2085
2255
2420
2579
2751
2897
3035
3166
3290
3420
3526
3624
3714
3794
3873
3934
3985
4027
4059
4081
4094
4095
4085
4065
4036
3991
3941
-3881
-3812
-3734
-3636
-3539
-3434
-3320
-3198
-3052
-2914
-2770
-2618
-2461
-2276
-2106
-1931
-1752
-1568
-1381
-1166
-972
-775
-577
-377
-152
25
226
426
626
848
1044
1237
1427
1613
1819
1997
2170
2337
2500
2656
2824
2966
3101
3228
3348
3473
3575
3669
3754
3830
3904
3960
4006
4043
4070
4089
4095
4090
4075
4051
4011
3966
3911
3847
3774
3691
3588
3486
3377
3259
3133
2983
2842
2694
2539
2378
2191
2018
1841
1659
1474
1261
1068
873
675
476
251
50
-127
-327
-527
-726
-947
-1142
-1333
-1522
-1706
-1909
-2085
-2255
-2420
-2579
-2751
-2897
-3035
-3166
-3290
-3420
-3526
-3624
-3714
-3794
-3873
-3934
-3985
-4027
-4059
-4081
-4094
-4095
-4085
-4065
-4036
-3991
-3941
-3881
-3812
-3734
3636
3539
3434
3320
3198
3052
2914
2770
2618
2461
2276
2106
1931
1752
1568
1381
1166
972
775
577
377
152
-25
-226
-426
-626
-848
-1044
-1237
-1427
-1613
-1819
-1997
-2170
-2337
-2500
-2656
-2824
-2966
-3101
-3228
-3348
-3473
-3575
-3669
-3754
-3830
-3904
-3960
-4006
-4043
-4070
-4089
-4095
-4090
-4075
-4051
-4011
-3966
-3911
-3847
-3774
-3691
-3588
3486
3377
3259
3133
2983
2842
2694
2539
2378
2191
2018
1841
1659
1474
1261
1068
873
675
476
251
50
-127
-327
-527
-726
-947
-1142
-1333
-1522
-1706
-1909
-2085
2255
2420
2579
2751
2897
3035
3166
3290
3420
3526
3624
3714
3794
3873
3934
3985
4027
4059
4081
4094
4095
4085
4065
4036
3991
3941
3881
3812
3734
3636
3539
3434
-3320
-3198
-3052
-2914
-2770
-2618
-2461
-2276
-2106
-1931
-1752
-1568
-1381
-1166
-972
-775
-577
-377
-152
25
226
426
626
848
1044
1237
1427
1613
1819
1997
2170
2337
2500
2656
2824
2966
3101
3228
3348
3473
3575
3669
3754
3830
3904
3960
4006
4043
4070
4089
4095
4090
4075
4051
4011
3966
3911
3847
3774
3691
3588
3486
3377
3259
-3133
-2983
-2842
-2694
-2539
-2378
-2191
-2018
-1841
-1659
-1474
-1261
-1068
-873
-675
-476
-251
-50
127
327
527
726
947
1142
1333
1522
1706
1909
2085
2255
2420
2579
2751
2897
3035
3166
3290
3420
3526
3624
3714
3794
3873
3934
3985
4027
4059
4081
4094
4095
4085
4065
4036
3991
3941
3881
3812
3734
3636
3539
3434
3320
3198
3052
-2914
-2770
-2618
-2461
-2276
-2106
-1931
-1752
-1568
-1381
-1166
-972
-775
-577
-377
-152
25
226
426
626
848
1044
1237
1427
1613
1819
1997
2170
2337
2500
2656
2824
-2966
-3101
-3228
-3348
-3473
-3575
-3669
-3754
-3830
-3904
-3960
-4006
-4043
-4070
-4089
-4095
-4090
-4075
-4051
-4011
-3966
-3911
-3847
-3774
-3691
-3588
-3486
-3377
-3259
-3133
-2983
-2842
2694
2539
2378
2191
2018
1841
1659
1474
1261
1068
873
675
476
251
50
-127
-327
-527
-726
-947
-1142
-1333
-1522
-1706
-1909
-2085
-2255
-2420
-2579
-2751
-2897
-3035
3166
3290
3420
3526
3624
3714
3794
3873
3934
3985
4027
4059
4081
4094
4095
4085
4065
4036
3991
3941
3881
3812
3734
3636
3539
3434
3320
3198
3052
2914
2770
2618
2461
2276
2106
1931
1752
1568
1381
1166
972
775
577
377
152
-25
-226
-426
-626
-848
-1044
-1237
-1427
-1613
-1819
-1997
-2170
-2337
-2500
-2656
-2824
-2966
-3101
-3228
3348
3473
3575
3669
3754
3830
3904
3960
4006
4043
4070
4089
4095
4090
4075
4051
4011
3966
3911
3847
3774
3691
3588
3486
3377
3259
3133
2983
2842
2694
2539
2378
-2191
-2018
-1841
-1659
-1474
-1261
-1068
-873
-675
-476
-251
-50
127
327
527
726
947
1142
1333
1522
1706
1909
2085
2255
2420
2579
2751
2897
3035
3166
3290
3420
3526
3624
3714
3794
3873
3934
3985
4027
4059
4081
4094
4095
4085
4065
4036
3991
3941
3881
3812
3734
3636
3539
3434
3320
3198
3052
2914
2770
2618
2461
2276
2106
-1931
-1752
-1568
-1381
-1166
-972
-775
-577
-377
-152
25
226
426
626
848
1044
1237
1427
1613
1819
1997
2170
2337
2500
2656
2824
2966
3101
3228
3348
3473
3575
-3669
-3754
-3830
-3904
-3960
-4006
-4043
-4070
-4089
-4095
-4090
-4075
-4051
-4011
-3966
-3911
-3847
-3774
-3691
-3588
-3486
-3377
-3259
-3133
-2983
-2842
-2694
-2539
-2378
-2191
-2018
-1841
1659
1474
1261
1068
873
675
476
251
50
-127
-327
-527
-726
-947
-1142
-1333
-1522
-1706
-1909
-2085
-2255
-2420
-2579
-2751
-2897
-3035
-3166
-3290
-3420
-3526
-3624
-3714
3794
3873
3934
3985
4027
4059
4081
4094
4095
4085
4065
4036
3991
3941
3881
3812
3734
3636
3539
3434
3320
3198
3052
2914
2770
2618
2461
2276
2106
1931
1752
1568
-1381
-1166
-972
-775
-577
-377
-152
25
226
426
626
848
1044
1237
1427
1613
1819
1997
2170
2337
2500
2656
2824
2966
3101
3228
3348
3473
3575
3669
3754
3830
3904
3960
4006
4043
4070
4089
4095
4090
4075
4051
4011
3966
3911
3847
3774
3691
3588
3486
3377
3259
3133
2983
2842
2694
2539
2378
2191
2018
1841
1659
1474
1261
1068
873
675
476
251
50
-127
-327
-527
-726
-947
-1142
-1333
-1522
-1706
-1909
-2085
-2255
-2420
-2579
-2751
-2897
-3035
-3166
-3290
-3420
-3526
-3624
-3714
-3794
-3873
-3934
-3985
-4027
-4059
-4081
-4094
-4095
-4085
-4065
-4036
-3991
-3941
-3881
-3812
-3734
-3636
-3539
-3434
-3320
-3198
-3052
-2914
-2770
-2618
-2461
-2276
-2106
-1931
-1752
-1568
-1381
-1166
-972
-775
-577
-377
-152
25
226
426
626
848
1044
1237
1427
1613
1819
1997
2170
2337
2500
2656
2824
2966
3101
3228
3348
3473
3575
3669
3754
3830
3904
3960
4006
-4043
-4070
-4089
-4095
-4090
-4075
-4051
-4011
-3966
-3911
-3847
-3774
-3691
-3588
-3486
-3377
-3259
-3133
-2983
-2842
-2694
-2539
-2378
-2191
-2018
-1841
-1659
-1474
-1261
-1068
-873
-675
476
251
50
-127
-327
-527
-726
-947
-1142
-1333
-1522
-1706
-1909
-2085
-2255
-2420
-2579
-2751
-2897
-3035
-3166
-3290
-3420
-3526
-3624
-3714
-3794
-3873
-3934
-3985
-4027
-4059
-4081
-4094
-4095
-4085
-4065
-4036
-3991
-3941
-3881
-3812
-3734
-3636
-3539
-3434
-3320
-3198
-3052
-2914
-2770
-2618
-2461
-2276
-2106
-1931
-1752
-1568
-1381
-1166
-972
-775
-577
-377
152
-25
-226
-426
-626
-848
-1044
-1237
-1427
-1613
-1819
-1997
-2170
-2337
-2500
-2656
-2824
-2966
-3101
-3228
-3348
-3473
-3575
-3669
-3754
-3830
-3904
-3960
-4006
-4043
-4070
-4089
-4095
-4090
-4075
-4051
-4011
-3966
-3911
-3847
-3774
-3691
-3588
-3486
-3377
-3259
-3133
-2983
-2842
-2694
-2539
-2378
-2191
-2018
-1841
-1659
-1474
-1261
-1068
-873
-675
-476
-251
-50
127
327
527
726
947
1142
1333
1522
1706
1909
2085
2255
2420
2579
2751
2897
3035
3166
3290
3420
3526
3624
3714
3794
3873
3934
3985
4027
4059
4081
4094
4095
-4085
-4065
-4036
-3991
-3941
-3881
-3812
-3734
-3636
-3539
-3434
-3320
-3198
-3052
-2914
-2770
-2618
-2461
-2276
-2106
-1931
-1752
-1568
-1381
-1166
-972
-775
-577
-377
-152
25
226
-426
-626
-848
-1044
-1237
-1427
-1613
-1819
-1997
-2170
-2337
-2500
-2656
-2824
-2966
-3101
-3228
-3348
-3473
-3575
-3669
-3754
-3830
-3904
-3960
-4006
-4043
-4070
-4089
-4095
-4090
-4075
-4051
-4011
-3966
-3911
-3847
-3774
-3691
-3588
-3486
-3377
-3259
-3133
-2983
-2842
-2694
-2539
-2378
-2191
-2018
-1841
-1659
-1474
-1261
-1068
-873
-675
-476
-251
-50
127
327
527
-726
-947
-1142
-1333
-1522
-1706
-1909
-2085
-2255
-2420
-2579
-2751
-2897
-3035
-3166
-3290
-3420
-3526
-3624
-3714
-3794
-3873
-3934
-3985
-4027
-4059
-4081
-4094
-4095
-4085
-4065
-4036
-3991
-3941
-3881
-3812
-3734
-3636
-3539
-3434
-3320
-3198
-3052
-2914
-2770
-2618
-2461
-2276
-2106
-1931
-1752
-1568
-1381
-1166
-972
-775
-577
-377
-152
25
226
426
626
848
-1044
-1237
-1427
-1613
-1819
-1997
-2170
-2337
-2500
-2656
-2824
-2966
-3101
-3228
-3348
-3473
-3575
-3669
-3754
-3830
-3904
-3960
-4006
-4043
-4070
-4089
-4095
-4090
-4075
-4051
-4011
-3966
3911
3847
3774
3691
3588
3486
3377
3259
3133
2983
2842
2694
2539
2378
2191
2018
1841
1659
1474
1261
1068
873
675
476
251
50
-127
-327
-527
-726
-947
-1142
-1333
-1522
-1706
-1909
-2085
-2255
-2420
-2579
-2751
-2897
-3035
-3166
-3290
-3420
-3526
-3624
-3714
-3794
-3873
-3934
-3985
-4027
-4059
-4081
-4094
-4095
-4085
-4065
-4036
-3991
-3941
-3881
3812
3734
3636
3539
3434
3320
3198
3052
2914
2770
2618
2461
2276
2106
1931
1752
1568
1381
1166
972
775
577
377
152
-25
-226
-426
-626
-848
-1044
-1237
-1427
1613
1819
1997
2170
2337
2500
2656
2824
2966
3101
3228
3348
3473
3575
3669
3754
3830
3904
3960
4006
4043
4070
4089
4095
4090
4075
4051
4011
3966
3911
3847
3774
3691
3588
3486
3377
3259
3133
2983
2842
2694
2539
2378
2191
2018
1841
1659
1474
1261
1068
873
675
476
251
50
-127
-327
-527
-726
-947
-1142
-1333
-1522
-1706
1909
2085
2255
2420
2579
2751
2897
3035
3166
3290
3420
3526
3624
3714
3794
3873
3934
3985
4027
4059
4081
4094
4095
4085
4065
4036
3991
3941
3881
3812
3734
3636
3539
3434
3320
3198
3052
2914
2770
2618
2461
2276
2106
1931
1752
1568
1381
1166
972
775
577
377
152
-25
-226
-426
-626
-848
-1044
-1237
-1427
-1613
-1819
-1997
2170
2337
2500
2656
2824
2966
3101
3228
3348
3473
3575
3669
3754
3830
3904
3960
4006
4043
4070
4089
4095
4090
4075
4051
4011
3966
3911
3847
3774
3691
3588
3486
3377
3259
3133
2983
2842
2694
2539
2378
2191
2018
1841
1659
1474
1261
1068
873
675
476
251
50
-127
-327
-527
-726
-947
-1142
-1333
-1522
-1706
-1909
-2085
-2255
-2420
-2579
-2751
-2897
-3035
-3166
-3290
-3420
-3526
-3624
-3714
-3794
-3873
-3934
-3985
-4027
-4059
-4081
-4094
Local Ref Signal: 
2461
2276
2106
1931
-426
-626
-848
-1044
-1237
-1427
-1613
-1819
-1997
-2170
-2337
-2500
-2656
-2824
-2966
-3101
-3228
-3348
-3473
-3575
-3669
-3754
-3830
-3904
-3960
-4006
-4043
-4070
-4089
-4095
-4090
-4075
-4051
-4011
-3966
-3911
-3847
-3774
-3691
-3588
-3486
3377
3259
3133
2983
2842
2694
2539
2378
2191
2018
1841
1659
1474
1261
1068
873
675
476
251
50
-127
-327
-527
-726
-947
-1142
-1333
-1522
-1706
-1909
-2085
-2255
-2420
-2579
-2751
-2897
-3035
-3166
-3290
-3420
-3526
-3624
-3714
-3794
-3873
-3934
-3985
-4027
-4059
-4081
-4094
-4095
-4085
-4065
-4036
-3991
-3941
-3881
-3812
-3734
-3636
-3539
-3434
-3320
3198
3052
2914
2770
2618
2461
2276
2106
1931
1752
1568
1381
1166
972
775
577
377
152
-25
-226
-426
-626
-848
-1044
-1237
-1427
-1613
-1819
-1997
-2170
-2337
-2500
-2656
-2824
-2966
-3101
-3228
-3348
-3473
-3575
-3669
-3754
-3830
-3904
-3960
-4006
-4043
-4070
-4089
-4095
-4090
-4075
-4051
-4011
-3966
-3911
-3847
-3774
-3691
-3588
-3486
-3377
-3259
-3133
-2983
-2842
-2694
-2539
-2378
-2191
-2018
-1841
-1659
-1474
-1261
-1068
-873
-675
-476
-251
-50
127
327
527
726
947
1142
1333
1522
1706
1909
2085
2255
2420
2579
2751
2897
3035
3166
3290
3420
3526
3624
3714
3794
3873
3934
3985
4027
4059
4081
4094
4095
4085
4065
4036
3991
3941
3881
3812
3734
3636
3539
3434
3320
3198
3052
2914
-2770
-2618
-2461
-2276
-2106
-1931
-1752
-1568
-1381
-1166
-972
-775
-577
-377
-152
25
226
426
626
848
1044
1237
1427
1613
1819
1997
2170
2337
2500
2656
2824
2966
3101
3228
3348
3473
3575
3669
3754
3830
3904
3960
4006
4043
4070
4089
4095
4090
4075
4051
4011
3966
3911
3847
3774
3691
3588
3486
3377
3259
3133
2983
2842
2694
2539
2378
2191
2018
1841
1659
1474
1261
1068
873
675
476
251
50
-127
-327
-527
-726
-947
-1142
-1333
-1522
-1706
-1909
-2085
-2255
-2420
-2579
-2751
-2897
-3035
-3166
3290
3420
3526
3624
3714
3794
3873
3934
3985
4027
4059
4081
4094
4095
4085
4065
4036
3991
3941
3881
3812
3734
3636
3539
3434
3320
3198
3052
2914
2770
2618
2461
2276
2106
1931
1752
1568
1381
1166
972
775
577
377
152
-25
-226
-426
-626
-848
-1044
-1237
-1427
-1613
-1819
-1997
-2170
-2337
-2500
-2656
-2824
-2966
-3101
-3228
-3348
3473
3575
3669
3754
3830
3904
3960
4006
4043
4070
4089
4095
4090
4075
4051
4011
3966
3911
3847
3774
3691
3588
3486
3377
3259
3133
2983
2842
2694
2539
2378
2191
-2018
-1841
-1659
-1474
-1261
-1068
-873
-675
-476
-251
-50
127
327
527
726
947
1142
1333
1522
1706
1909
2085
2255
2420
2579
2751
2897
3035
3166
3290
3420
3526
3624
3714
3794
3873
3934
3985
4027
4059
4081
4094
4095
4085
4065
4036
3991
3941
3881
3812
3734
3636
3539
3434
3320
3198
3052
2914
2770
2618
2461
2276
2106
1931
-1752
-1568
-1381
-1166
-972
-775
-577
-377
-152
25
226
426
626
848
1044
1237
1427
1613
1819
1997
2170
2337
2500
2656
2824
2966
3101
3228
3348
3473
3575
3669
3754
3830
3904
3960
4006
4043
4070
4089
4095
4090
4075
4051
4011
3966
3911
3847
3774
3691
3588
3486
3377
3259
3133
2983
2842
2694
2539
2378
2191
2018
1841
1659
1474
1261
1068
873
675
476
251
50
-127
-327
-527
-726
-947
-1142
-1333
-1522
-1706
-1909
-2085
-2255
-2420
-2579
-2751
-2897
-3035
-3166
-3290
-3420
-3526
-3624
-3714
-3794
-3873
-3934
-3985
-4027
-4059
-4081
-4094
-4095
-4085
-4065
-4036
-3991
-3941
-3881
-3812
-3734
-3636
-3539
-3434
-3320
-3198
-3052
-2914
-2770
-2618
-2461
-2276
-2106
-1931
-1752
-1568
-1381
1166
972
775
577
377
152
-25
-226
-426
-626
-848
-1044
-1237
-1427
-1613
-1819
-1997
-2170
-2337
-2500
-2656
-2824
-2966
-3101
-3228
-3348
-3473
-3575
-3669
-3754
-3830
-3904
3960
4006
4043
4070
4089
4095
4090
4075
4051
4011
3966
3911
3847
3774
3691
3588
3486
3377
3259
3133
2983
2842
2694
2539
2378
2191
2018
1841
1659
1474
1261
1068
873
675
476
251
50
-127
-327
-527
-726
-947
-1142
-1333
-1522
-1706
-1909
-2085
-2255
-2420
-2579
-2751
-2897
-3035
-3166
-3290
-3420
-3526
-3624
-3714
-3794
-3873
-3934
-3985
-4027
-4059
-4081
-4094
-4095
-4085
-4065
-4036
-3991
-3941
-3881
-3812
-3734
-3636
-3539
-3434
-3320
-3198
-3052
-2914
-2770
-2618
-2461
-2276
-2106
-1931
-1752
-1568
-1381
-1166
-972
-775
577
377
152
-25
-226
-426
-626
-848
-1044
-1237
-1427
-1613
-1819
-1997
-2170
-2337
-2500
-2656
-2824
-2966
-3101
-3228
-3348
-3473
-3575
-3669
-3754
-3830
-3904
-3960
-4006
-4043
4070
4089
4095
4090
4075
4051
4011
3966
3911
3847
3774
3691
3588
3486
3377
3259
3133
2983
2842
2694
2539
2378
2191
2018
1841
1659
1474
1261
1068
873
675
476
-251
-50
127
327
527
726
947
1142
1333
1522
1706
1909
2085
2255
2420
2579
2751
2897
3035
3166
3290
3420
3526
3624
3714
3794
3873
3934
3985
4027
4059
4081
4094
4095
4085
4065
4036
3991
3941
3881
3812
3734
3636
3539
3434
3320
3198
3052
2914
2770
2618
2461
2276
2106
1931
1752
1568
1381
1166
972
775
577
377
152
-25
-226
-426
-626
-848
-1044
-1237
-1427
-1613
-1819
-1997
-2170
-2337
-2500
-2656
-2824
-2966
-3101
-3228
-3348
-3473
-3575
-3669
-3754
-3830
-3904
-3960
-4006
-4043
-4070
-4089
-4095
4090
4075
4051
4011
3966
3911
3847
3774
3691
3588
3486
3377
3259
3133
2983
2842
2694
2539
2378
2191
2018
1841
1659
1474
1261
1068
873
675
476
251
50
-127
327
527
726
947
1142
1333
1522
1706
1909
2085
2255
2420
2579
2751
2897
3035
3166
3290
3420
3526
3624
3714
3794
3873
3934
3985
4027
4059
4081
4094
4095
4085
-4065
-4036
-3991
-3941
-3881
-3812
-3734
-3636
-3539
-3434
-3320
-3198
-3052
-2914
-2770
-2618
-2461
-2276
-2106
-1931
-1752
-1568
-1381
-1166
-972
-775
-577
-377
-152
25
226
426
-626
-848
-1044
-1237
-1427
-1613
-1819
-1997
-2170
-2337
-2500
-2656
-2824
-2966
-3101
-3228
-3348
-3473
-3575
-3669
-3754
-3830
-3904
-3960
-4006
-4043
-4070
-4089
-4095
-4090
-4075
-4051
-4011
-3966
-3911
-3847
-3774
-3691
-3588
-3486
-3377
-3259
-3133
-2983
-2842
-2694
-2539
-2378
-2191
-2018
-1841
-1659
-1474
-1261
-1068
-873
-675
-476
-251
-50
127
327
527
726
947
1142
1333
1522
1706
1909
2085
2255
2420
2579
2751
2897
3035
3166
3290
3420
3526
3624
3714
3794
3873
3934
3985
4027
4059
4081
4094
4095
4085
4065
4036
3991
3941
3881
3812
3734
3636
3539
3434
3320
3198
3052
2914
2770
2618
2461
2276
2106
1931
1752
1568
1381
1166
972
775
577
377
152
-25
-226
-426
-626
-848
-1044
1237
1427
1613
1819
1997
2170
2337
2500
2656
2824
2966
3101
3228
3348
3473
3575
3669
3754
3830
3904
3960
4006
4043
4070
4089
4095
4090
4075
4051
4011
3966
3911
-3847
-3774
-3691
-3588
-3486
-3377
-3259
-3133
-2983
-2842
-2694
-2539
-2378
-2191
-2018
-1841
-1659
-1474
-1261
-1068
-873
-675
-476
-251
-50
127
327
527
726
947
1142
1333
1522
1706
1909
2085
2255
2420
2579
2751
2897
3035
3166
3290
3420
3526
3624
3714
3794
3873
3934
3985
4027
4059
4081
4094
4095
4085
4065
4036
3991
3941
3881
3812
-3734
-3636
-3539
-3434
-3320
-3198
-3052
-2914
-2770
-2618
-2461
-2276
-2106
-1931
-1752
-1568
-1381
-1166
-972
-775
-577
-377
-152
25
226
426
626
848
1044
1237
1427
1613
-1819
-1997
-2170
-2337
-2500
-2656
-2824
-2966
-3101
-3228
-3348
-3473
-3575
-3669
-3754
-3830
-3904
-3960
-4006
-4043
-4070
-4089
-4095
-4090
-4075
-4051
-4011
-3966
-3911
-3847
-3774
-3691
-3588
-3486
-3377
-3259
-3133
-2983
-2842
-2694
-2539
-2378
-2191
-2018
-1841
-1659
-1474
-1261
-1068
-873
-675
-476
-251
-50
127
327
527
726
947
1142
1333
1522
1706
1909
2085
2255
2420
2579
2751
2897
3035
3166
3290
3420
3526
3624
3714
3794
3873
3934
3985
4027
4059
4081
4094
4095
4085
4065
4036
3991
3941
3881
3812
3734
3636
3539
3434
3320
3198
3052
2914
2770
2618
2461
2276
2106
1931
1752
1568
1381
1166
972
775
577
377
152
-25
-226
-426
-626
-848
-1044
-1237
-1427
-1613
-1819
-1997
-2170
-2337
-2500
-2656
-2824
-2966
-3101
-3228
-3348
-3473
-3575
-3669
-3754
-3830
-3904
-3960
-4006
-4043
-4070
-4089
-4095
-4090
-4075
-4051
-4011
-3966
-3911
-3847
-3774
-3691
-3588
-3486
-3377
3259
3133
2983
2842
2694
2539
2378
2191
2018
1841
1659
1474
1261
1068
873
675
476
251
50
-127
-327
-527
-726
-947
-1142
-1333
-1522
-1706
-1909
-2085
-2255
-2420
-2579
-2751
-2897
-3035
-3166
-3290
-3420
-3526
-3624
-3714
-3794
-3873
-3934
-3985
-4027
-4059
-4081
-4094
-4095
-4085
-4065
-4036
-3991
-3941
-3881
-3812
-3734
-3636
-3539
-3434
-3320
-3198
-3052
-2914
-2770
-2618
-2461
-2276
-2106
-1931
-1752
-1568
-1381
-1166
-972
-775
-577
-377
-152
25
226
426
626
848
1044
1237
1427
1613
1819
1997
2170
2337
2500
2656
2824
2966
3101
3228
3348
3473
3575
3669
3754
3830
3904
3960
4006
4043
4070
4089
4095
4090
4075
4051
4011
3966
3911
3847
3774
3691
3588
3486
3377
3259
3133
2983
-2842
-2694
-2539
-2378
-2191
-2018
-1841
-1659
-1474
-1261
-1068
-873
-675
-476
-251
-50
127
327
527
726
947
1142
1333
1522
1706
1909
2085
2255
2420
2579
2751
2897
3035
3166
3290
3420
3526
3624
3714
3794
3873
3934
3985
4027
4059
4081
4094
4095
4085
4065
4036
3991
3941
3881
3812
3734
3636
3539
3434
3320
3198
3052
2914
2770
-2618
-2461
-2276
-2106
-1931
-1752
-1568
-1381
-1166
-972
-775
-577
-377
-152
25
226
426
626
848
1044
1237
1427
1613
1819
1997
2170
2337
2500
2656
2824
2966
3101
-3228
-3348
-3473
-3575
-3669
-3754
-3830
-3904
-3960
-4006
-4043
-4070
-4089
-4095
-4090
-4075
-4051
-4011
-3966
-3911
-3847
-3774
-3691
-3588
-3486
-3377
-3259
-3133
-2983
-2842
-2694
-2539
2378
2191
2018
1841
1659
1474
1261
1068
873
675
476
251
50
-127
-327
-527
-726
-947
-1142
-1333
-1522
-1706
-1909
-2085
-2255
-2420
-2579
-2751
-2897
-3035
-3166
-3290
-3420
-3526
-3624
-3714
-3794
-3873
-3934
-3985
-4027
-4059
-4081
-4094
-4095
-4085
-4065
-4036
-3991
-3941
-3881
-3812
-3734
-3636
-3539
-3434
-3320
-3198
-3052
-2914
-2770
-2618
-2461
-2276
2106
1931
1752
1568
1381
1166
972
775
577
377
152
-25
-226
-426
-626
-848
-1044
-1237
-1427
-1613
-1819
-1997
-2170
-2337
-2500
-2656
-2824
-2966
-3101
-3228
-3348
-3473
-3575
-3669
-3754
-3830
-3904
-3960
-4006
-4043
-4070
-4089
-4095
-4090
-4075
-4051
-4011
-3966
-3911
-3847
-3774
-3691
-3588
-3486
-3377
-3259
-3133
-2983
-2842
-2694
-2539
-2378
-2191
-2018
1841
1659
1474
1261
1068
873
675
476
251
50
-127
-327
-527
-726
-947
-1142
-1333
-1522
-1706
-1909
-2085
-2255
-2420
-2579
-2751
-2897
-3035
-3166
-3290
-3420
-3526
-3624
3714
3794
3873
3934
3985
4027
4059
4081
4094
4095
4085
4065
4036
3991
3941
3881
3812
3734
3636
3539
3434
3320
3198
3052
2914
2770
2618
2461
2276
2106
1931
1752
-1568
-1381
-1166
-972
-775
-577
-377
-152
25
226
426
626
848
1044
1237
1427
1613
1819
1997
2170
2337
2500
2656
2824
2966
3101
3228
3348
3473
3575
3669
3754
-3830
-3904
-3960
-4006
-4043
-4070
-4089
-4095
-4090
-4075
-4051
-4011
-3966
-3911
-3847
-3774
-3691
-3588
-3486
-3377
-3259
-3133
-2983
-2842
-2694
-2539
-2378
-2191
-2018
-1841
-1659
-1474
-1261
-1068
-873
-675
-476
-251
-50
127
327
527
726
947
1142
1333
1522
1706
1909
2085
2255
2420
2579
2751
2897
3035
3166
3290
3420
3526
3624
3714
3794
3873
-3934
-3985
-4027
-4059
-4081
-4094
-4095
-4085
-4065
-4036
-3991
-3941
-3881
-3812
-3734
-3636
-3539
-3434
-3320
-3198
-3052
-2914
-2770
-2618
-2461
-2276
-2106
-1931
-1752
-1568
-1381
-1166
972
775
577
377
152
-25
-226
-426
-626
-848
-1044
-1237
-1427
-1613
-1819
-1997
-2170
-2337
-2500
-2656
-2824
-2966
-3101
-3228
-3348
-3473
-3575
-3669
-3754
-3830
-3904
-3960
-4006
-4043
-4070
-4089
-4095
-4090
-4075
-4051
-4011
-3966
-3911
-3847
-3774
-3691
-3588
-3486
-3377
-3259
-3133
-2983
-2842
-2694
-2539
-2378
-2191
-2018
-1841
-1659
-1474
-1261
-1068
-873
675
476
251
50
-127
-327
-527
-726
-947
-1142
-1333
-1522
-1706
-1909
-2085
-2255
-2420
-2579
-2751
-2897
-3035
-3166
-3290
-3420
-3526
-3624
-3714
-3794
-3873
-3934
-3985
-4027
4059
4081
4094
4095
4085
4065
4036
3991
3941
3881
3812
3734
3636
3539
3434
3320
3198
3052
2914
2770
2618
2461
2276
2106
1931
1752
1568
1381
1166
972
775
577
-377
-152
25
226
426
626
848
1044
1237
1427
1613
1819
1997
2170
2337
2500
2656
2824
2966
3101
3228
3348
3473
3575
3669
3754
3830
3904
3960
4006
4043
4070
-4089
-4095
-4090
-4075
-4051
-4011
-3966
-3911
-3847
-3774
-3691
-3588
-3486
-3377
-3259
-3133
-2983
-2842
-2694
-2539
-2378
-2191
-2018
-1841
-1659
-1474
-1261
-1068
-873
-675
-476
-251
50
-127
-327
-527
-726
-947
-1142
-1333
-1522
-1706
-1909
-2085
-2255
-2420
-2579
-2751
-2897
-3035
-3166
-3290
-3420
-3526
-3624
-3714
-3794
-3873
-3934
-3985
-4027
-4059
-4081
-4094
-4095
-4085
-4065
-4036
-3991
-3941
-3881
-3812
-3734
-3636
-3539
-3434
-3320
-3198
-3052
-2914
-2770
-2618
-2461
-2276
-2106
-1931
-1752
-1568
-1381
-1166
-972
-775
-577
-377
-152
25
226
426
626
848
1044
1237
1427
1613
1819
1997
2170
2337
2500
2656
2824
2966
3101
3228
3348
3473
3575
3669
3754
3830
3904
3960
4006
4043
4070
4089
4095
4090
4075
4051
4011
3966
3911
3847
3774
3691
3588
3486
3377
3259
3133
2983
2842
2694
2539
2378
2191
2018
1841
1659
1474
1261
1068
873
675
476
251
50
-127
-327
-527
-726
-947
-1142
-1333
-1522
-1706
-1909
-2085
-2255
-2420
-2579
-2751
-2897
-3035
-3166
-3290
-3420
-3526
-3624
-3714
-3794
-3873
-3934
-3985
-4027
-4059
-4081
-4094
-4095
-4085
-4065
4036
3991
3941
3881
3812
3734
3636
3539
3434
3320
3198
3052
2914
2770
2618
2461
2276
2106
1931
1752
1568
1381
1166
972
775
577
377
152
-25
-226
-426
-626
848
1044
1237
1427
1613
1819
1997
2170
2337
2500
2656
2824
2966
3101
3228
3348
3473
3575
3669
3754
3830
3904
3960
4006
4043
4070
4089
4095
4090
4075
4051
4011
3966
3911
3847
3774
3691
3588
3486
3377
3259
3133
2983
2842
2694
2539
2378
2191
2018
1841
1659
1474
1261
1068
873
675
476
251
50
-127
-327
-527
-726
-947
1142
1333
1522
1706
1909
2085
2255
2420
2579
2751
2897
3035
3166
3290
3420
3526
3624
3714
3794
3873
3934
3985
4027
4059
4081
4094
4095
4085
4065
4036
3991
3941
3881
3812
3734
3636
3539
3434
3320
3198
3052
2914
2770
2618
2461
2276
2106
1931
1752
1568
1381
1166
972
775
577
377
152
-25
-226
-426
-626
-848
-1044
-1237
-1427
-1613
-1819
-1997
-2170
-2337
-2500
-2656
-2824
-2966
-3101
-3228
-3348
-3473
-3575
-3669
-3754
-3830
-3904
-3960
-4006
-4043
-4070
-4089
-4095
-4090
-4075
-4051
-4011
-3966
-3911
-3847
3774
3691
3588
3486
3377
3259
3133
2983
2842
2694
2539
2378
2191
2018
1841
1659
1474
1261
1068
873
675
476
251
50
-127
-327
-527
-726
-947
-1142
-1333
-1522
1706
1909
2085
2255
2420
2579
2751
2897
3035
3166
3290
3420
3526
3624
3714
3794
3873
3934
3985
4027
4059
4081
4094
4095
4085
4065
4036
3991
3941
3881
3812
3734
3636
3539
3434
3320
3198
3052
2914
2770
2618
2461
2276
2106
1931
1752
1568
1381
1166
972
775
577
377
152
-25
-226
-426
-626
-848
-1044
-1237
-1427
-1613
-1819
1997
2170
2337
2500
2656
2824
2966
3101
3228
3348
3473
3575
3669
3754
3830
3904
3960
4006
4043
4070
4089
4095
4090
4075
4051
4011
3966
3911
3847
3774
3691
3588
3486
3377
3259
3133
2983
2842
2694
2539
2378
2191
2018
1841
1659
1474
1261
1068
873
675
476
251
50
-127
-327
-527
-726
-947
-1142
-1333
-1522
-1706
-1909
-2085
2255
2420
2579
2751
2897
3035
3166
3290
3420
3526
3624
3714
3794
3873
3934
3985
4027
4059
4081
4094
4095
4085
4065
4036
3991
3941
3881
3812
3734
3636
3539
3434
-3320
-3198
-3052
-2914
-2770
-2618
-2461
-2276
-2106
-1931
-1752
-1568
-1381
-1166
-972
-775
-577
-377
-152
25
226
426
626
848
1044
1237
1427
1613
1819
1997
2170
2337
2500
2656
2824
2966
3101
3228
3348
3473
3575
3669
3754
3830
3904
3960
4006
4043
4070
4089
4095
4090
4075
4051
4011
3966
3911
3847
3774
3691
3588
3486
3377
3259
-3133
-2983
-2842
-2694
-2539
-2378
-2191
-2018
-1841
-1659
-1474
-1261
-1068
-873
-675
-476
-251
-50
127
327
527
726
947
1142
1333
1522
1706
1909
2085
2255
2420
2579
-2751
-2897
-3035
-3166
-3290
-3420
-3526
-3624
-3714
-3794
-3873
-3934
-3985
-4027
-4059
-4081
-4094
-4095
-4085
-4065
-4036
-3991
-3941
-3881
-3812
-3734
-3636
-3539
-3434
-3320
-3198
-3052
-2914
-2770
-2618
-2461
-2276
-2106
-1931
-1752
-1568
-1381
-1166
-972
-775
-577
-377
-152
25
226
426
626
848
1044
1237
1427
1613
1819
1997
2170
2337
2500
2656
2824
-2966
-3101
-3228
-3348
-3473
-3575
-3669
-3754
-3830
-3904
-3960
-4006
-4043
-4070
-4089
-4095
-4090
-4075
-4051
-4011
-3966
-3911
-3847
-3774
-3691
-3588
-3486
-3377
-3259
-3133
-2983
-2842
-2694
-2539
-2378
-2191
-2018
-1841
-1659
-1474
-1261
-1068
-873
-675
-476
-251
-50
127
327
527
726
947
1142
1333
1522
1706
1909
2085
2255
2420
2579
2751
2897
3035
-3166
-3290
-3420
-3526
-3624
-3714
-3794
-3873
-3934
-3985
-4027
-4059
-4081
-4094
-4095
-4085
-4065
-4036
-3991
-3941
-3881
-3812
-3734
-3636
-3539
-3434
-3320
-3198
-3052
-2914
-2770
-2618
-2461
-2276
-2106
-1931
-1752
-1568
-1381
-1166
-972
-775
-577
-377
-152
25
226
426
626
848
1044
1237
1427
1613
1819
1997
2170
2337
2500
2656
2824
2966
3101
3228
3348
3473
3575
3669
3754
3830
3904
3960
4006
4043
4070
4089
4095
4090
4075
4051
4011
3966
3911
3847
3774
3691
3588
3486
3377
3259
3133
2983
2842
2694
2539
2378
2191
2018
1841
1659
1474
1261
1068
873
675
476
251
50
-127
-327
-527
-726
-947
-1142
-1333
-1522
-1706
-1909
-2085
-2255
-2420
-2579
-2751
-2897
-3035
-3166
-3290
-3420
-3526
-3624
-3714
-3794
-3873
-3934
-3985
-4027
-4059
-4081
-4094
-4095
-4085
-4065
-4036
-3991
-3941
-3881
-3812
-3734
-3636
-3539
-3434
-3320
-3198
-3052
-2914
-2770
-2618
-2461
-2276
-2106
-1931
-1752
-1568
-1381
-1166
-972
-775
-577
-377
-152
25
226
426
626
848
1044
1237
1427
1613
1819
1997
2170
2337
2500
2656
2824
2966
3101
3228
3348
3473
3575
-3669
-3754
-3830
-3904
-3960
-4006
-4043
-4070
-4089
-4095
-4090
-4075
-4051
-4011
-3966
-3911
-3847
-3774
-3691
-3588
-3486
-3377
-3259
-3133
-2983
-2842
-2694
-2539
-2378
-2191
-2018
-1841
-1659
-1474
-1261
-1068
-873
-675
-476
-251
-50
127
327
527
726
947
1142
1333
1522
1706
1909
2085
2255
2420
2579
2751
2897
3035
3166
3290
3420
3526
3624
3714
3794
3873
3934
3985
4027
4059
4081
4094
4095
4085
4065
4036
3991
3941
3881
3812
3734
3636
3539
3434
3320
3198
3052
2914
2770
2618
2461
2276
2106
1931
1752
1568
-1381
-1166
-972
-775
-577
-377
-152
25
226
426
626
848
1044
1237
1427
1613
1819
1997
2170
2337
2500
2656
2824
2966
3101
3228
3348
3473
3575
3669
3754
3830
-3904
-3960
-4006
-4043
-4070
-4089
-4095
-4090
-4075
-4051
-4011
-3966
-3911
-3847
-3774
-3691
-3588
-3486
-3377
-3259
-3133
-2983
-2842
-2694
-2539
-2378
-2191
-2018
-1841
-1659
-1474
-1261
1068
873
675
476
251
50
-127
-327
-527
-726
-947
-1142
-1333
-1522
-1706
-1909
-2085
-2255
-2420
-2579
-2751
-2897
-3035
-3166
-3290
-3420
-3526
-3624
-3714
-3794
-3873
-3934
-3985
-4027
-4059
-4081
-4094
-4095
-4085
-4065
-4036
-3991
-3941
-3881
-3812
-3734
-3636
-3539
-3434
-3320
-3198
-3052
-2914
-2770
-2618
-2461
-2276
-2106
-1931
-1752
-1568
-1381
-1166
-972
775
577
377
152
-25
-226
-426
-626
-848
-1044
-1237
-1427
-1613
-1819
-1997
-2170
-2337
-2500
-2656
-2824
-2966
-3101
-3228
-3348
-3473
-3575
-3669
-3754
-3830
-3904
-3960
-4006
4043
4070
4089
4095
4090
4075
4051
4011
3966
3911
3847
3774
3691
3588
3486
3377
3259
3133
2983
2842
2694
2539
2378
2191
2018
1841
1659
1474
1261
1068
873
675
476
251
50
-127
-327
-527
-726
-947
-1142
-1333
-1522
-1706
-1909
-2085
-2255
-2420
-2579
-2751
-2897
-3035
-3166
-3290
-3420
-3526
-3624
-3714
-3794
-3873
-3934
-3985
-4027
-4059
-4081
-4094
-4095
-4085
-4065
-4036
-3991
-3941
-3881
-3812
-3734
-3636
-3539
-3434
-3320
-3198
-3052
-2914
-2770
-2618
-2461
-2276
-2106
-1931
-1752
-1568
-1381
-1166
-972
-775
-577
-377
152
-25
-226
-426
-626
-848
-1044
-1237
-1427
-1613
-1819
-1997
-2170
-2337
-2500
-2656
-2824
-2966
-3101
-3228
-3348
-3473
-3575
-3669
-3754
-3830
-3904
-3960
-4006
-4043
-4070
-4089
-4095
-4090
-4075
-4051
-4011
-3966
-3911
-3847
-3774
-3691
-3588
-3486
-3377
-3259
-3133
-2983
-2842
-2694
-2539
-2378
-2191
-2018
-1841
-1659
-1474
-1261
-1068
-873
-675
-476
-251
-50
127
327
527
726
947
1142
1333
1522
1706
1909
2085
2255
2420
2579
2751
2897
3035
3166
3290
3420
3526
3624
3714
3794
3873
3934
3985
4027
4059
4081
4094
4095
-4085
-4065
-4036
-3991
-3941
-3881
-3812
-3734
-3636
-3539
-3434
-3320
-3198
-3052
-2914
-2770
-2618
-2461
-2276
-2106
-1931
-1752
-1568
-1381
-1166
-972
-775
-577
-377
-152
25
226
426
626
848
1044
1237
1427
1613
1819
1997
2170
2337
2500
2656
2824
2966
3101
3228
3348
3473
3575
3669
3754
3830
3904
3960
4006
4043
4070
4089
4095
4090
4075
4051
4011
3966
3911
3847
3774
3691
3588
3486
3377
3259
3133
2983
2842
2694
2539
2378
2191
2018
1841
1659
1474
1261
1068
873
675
476
251
50
-127
-327
-527
726
947
1142
1333
1522
1706
1909
2085
2255
2420
2579
2751
2897
3035
3166
3290
3420
3526
3624
3714
3794
3873
3934
3985
4027
4059
4081
4094
4095
4085
4065
4036
-3991
-3941
-3881
-3812
-3734
-3636
-3539
-3434
-3320
-3198
-3052
-2914
-2770
-2618
-2461
-2276
-2106
-1931
-1752
-1568
-1381
-1166
-972
-775
-577
-377
-152
25
226
426
626
848
1044
1237
1427
1613
1819
1997
2170
2337
2500
2656
2824
2966
3101
3228
3348
3473
3575
3669
3754
3830
3904
3960
4006
4043
4070
4089
4095
4090
4075
4051
4011
3966
3911
3847
3774
3691
3588
3486
3377
3259
3133
2983
2842
2694
2539
2378
2191
2018
1841
1659
1474
1261
1068
873
675
476
251
50
-127
-327
-527
-726
-947
-1142
-1333
-1522
-1706
-1909
-2085
-2255
-2420
-2579
-2751
-2897
-3035
-3166
-3290
-3420
-3526
-3624
-3714
-3794
-3873
-3934
-3985
-4027
-4059
-4081
-4094
-4095
-4085
-4065
-4036
-3991
-3941
-3881
-3812
-3734
-3636
-3539
-3434
-3320
-3198
-3052
-2914
-2770
-2618
-2461
-2276
-2106
-1931
-1752
-1568
-1381
-1166
-972
-775
-577
-377
-152
25
226
426
626
848
1044
1237
1427
1613
1819
1997
2170
2337
2500
2656
2824
2966
3101
3228
3348
3473
3575
3669
3754
3830
3904
3960
4006
4043
4070
4089
4095
4090
4075
4051
4011
3966
3911
3847
3774
3691
3588
3486
3377
3259
3133
2983
2842
2694
2539
2378
2191
2018
1841
1659
1474
1261
1068
873
675
476
251
50
-127
-327
-527
-726
-947
-1142
-1333
-1522
-1706
1909
2085
2255
2420
2579
2751
2897
3035
3166
3290
3420
3526
3624
3714
3794
3873
3934
3985
4027
4059
4081
4094
4095
4085
4065
4036
3991
3941
3881
3812
3734
3636
-3539
-3434
-3320
-3198
-3052
-2914
-2770
-2618
-2461
-2276
-2106
-1931
-1752
-1568
-1381
-1166
-972
-775
-577
-377
-152
25
226
426
626
848
1044
1237
1427
1613
1819
1997
-2170
-2337
-2500
-2656
-2824
-2966
-3101
-3228
-3348
-3473
-3575
-3669
-3754
-3830
-3904
-3960
-4006
-4043
-4070
-4089
-4095
-4090
-4075
-4051
-4011
-3966
-3911
-3847
-3774
-3691
-3588
-3486
-3377
-3259
-3133
-2983
-2842
-2694
-2539
-2378
-2191
-2018
-1841
-1659
-1474
-1261
-1068
-873
-675
-476
-251
-50
127
327
527
726
947
1142
1333
1522
1706
1909
2085
2255
-2420
-2579
-2751
-2897
-3035
-3166
-3290
-3420
-3526
-3624
-3714
-3794
-3873
-3934
-3985
-4027
-4059
-4081
-4094
