2081823129.000000
1100597295.584252
1100615460.330977
1100645738.478438
1100688135.382224
1100742658.542567
1100809317.606777
1100888124.372354
1100979092.790807
1101082238.972125
1101197581.190036
1101325139.887894
1101464937.685310
1101616999.385474
1101781351.983218
1101958024.673788
1102147048.862329
1102348458.174134
1102562288.465598
1102788577.835941
1103027366.639681
1103278697.499852
1103542615.322008
1103819167.309000
1104108402.976542
1104410374.169520
1104725135.079287
1105052742.261485
1105393254.654957
1105746733.601372
1106113242.865729
1106492848.657740
1106885619.654070
1107291627.021482
1107710944.440903
1108143648.132396
1108589816.881081
1109049532.064018
1109522877.678046
1110009940.368645
1110510809.459799
1111025576.984843
1111554337.718469
1112097189.209703
1112654231.816027
1113225568.738606
1113811306.058670
1114411552.775049
1115026420.842914
1115656025.213721
1116300483.876422
1116959917.899931
1117634451.476918
1118324211.968911
1119029329.952797
1119749939.268700
1120486177.069345
1121238183.870516
1122006103.604214
1122790083.671427
1123590274.998241
1124406832.092679
1125239913.103451
1126089679.880370
1126956298.036542
1127839937.012350
1128740770.141291
1129658974.717721
1130594732.066550
1131548227.614942
1132519650.966092
1133509195.975139
1134517060.826564
1135543448.116978
1136588564.933844
1137652622.943577
1138735838.477872
1139838432.623764
1140960631.316234
1142102665.433459
1143264770.894799
1144447188.761641
1145650165.341165
1146873952.293127
1148118806.739748
1149384991.378830
1150672774.600160
1151982430.605360
1153314239.531250
1154668487.576830
1156045467.134162
1157445476.922906
1158868822.129107
1160315814.548020
1161786772.731275
1163282022.138488
1164801895.293478
1166346731.945264
1167916879.234006
1169512691.862067
1171134532.270391
1172782770.820401
1174457785.981617
1176159964.525216
1177889701.723793
1179647401.557497
1181433476.926949
1183248349.873039
1185092451.804043
1186966223.730312
1188870116.506887
1190804591.084414
1192770118.768744
1194767181.489634
1196796272.079046
1198857894.559513
1200952564.443141
1203080809.041862
1205243167.789590
1207440192.577062
1209672448.100157
1211940512.222639
1214244976.354573
1216586445.847184
1218965540.406118
1221382894.524329
1223839157.936642
1226334996.098183
1228871090.689327
1231448140.150275
1234066860.249120
1236727984.687951
1239432265.752701
1242180475.013711
1244973404.085793
1247811865.458795
1250696693.412724
1253628745.035516
1256608901.366900
1259638068.699235
1262717180.076342
1265847197.045437
1269029111.737389
1272263949.379026
1275552771.382974
1278896679.222078
1282296819.388264
1285754389.878312
1289270648.872941
1292846926.636017
1296484642.256641
1300185327.872874
1303950664.808711
1307782539.347128
1311683132.185621
1315655068.432691
1319701682.659179
1323827517.933877
1328039342.654335
1332348444.871363
1336776575.090362
1341374748.479304
1346305630.064475
1352560903.510382
1346219984.935216
1356877716.708927
1362499055.397203
1367681172.462462
1372796349.180931
1377934632.241768
1383129675.223329
1388397702.207375
1393748119.273066
1399187238.901295
1404719823.776098
1410349807.854238
1416080665.253039
1421915613.217224
1427857730.791671
1433910031.981143
1440075513.076813
1446357184.700115
1452758094.490139
1459281343.899869
1465930101.200024
1472707612.007894
1479617208.164317
1486662315.556830
1493846461.218060
1501173279.995031
1508646520.961368
1516270053.710828
1524047874.633628
1531984113.254020
1540083038.691473
1548349066.296907
1556786764.507746
1565400861.960483
1574196254.895933
1583178014.890345
1592351396.944819
1601721847.962421
1611295015.649794
1621076757.869000
1631073152.478646
1641290507.696574
1651735373.021541
1662414550.752678
1673335108.147843
1684504390.264736
1695930033.531577
1707619980.097383
1719582493.015547
1731826172.318353
1744359972.044324
1757193218.285140
1770335628.323952
1783797330.942592
1797588887.981414
1811721317.242001
1826206116.830785
1841055291.049201
1856281377.945172
1871897478.650172
1887917288.636823
1904355131.043488
1921225992.225129
1938545559.703630
1956330262.706177
1974597315.497218
1993364763.728096
2012651534.049058
2032477487.250911
2052863475.228659
2073831402.087163
2095404289.739337
2117606348.381450
2140463052.267655
2164001221.247638
2188249108.577704
2213236495.567315
2238994793.680587
2265557154.776627
2292958590.244156
2321236099.866198
2350428811.340480
2380578131.481825
2411727910.246090
2443924618.842248
2477217543.342596
2511658995.362601
2547304541.563974
2584213253.941594
2622447983.087952
2662075656.894572
2703167607.451102
2745799929.246270
2790053872.166200
2836016273.233461
2883780031.541742
2933444631.429029
2985116719.606834
3038910742.740450
3094949652.871861
3153365689.114190
3214301245.247896
3277909834.245089
3344357162.372826
3413822327.422531
3486499157.830829
3562597712.058685
3642345960.655015
3725991677.038406
3813804567.296301
3906078674.360130
4003135097.932572
4105325078.724323
4213033504.154391
4326682902.994368
4446738008.884468
4573710987.707659
4708167442.094713
4850733328.626324
5002102950.588264
5163048222.684445
5334429445.538179
5517207879.203513
5712460468.970385
5921397157.010613
6145381314.507429
6385953956.955870
6644862568.446409
6924095569.837624
7225923735.470058
7552950213.435331
7908171262.751404
8295050424.929239
8717609650.117733
9180541973.616211
9689351792.848806
10250530780.119392
10871780204.192059
11562294250.500828
12333124313.198854
13197651920.836800
14172209086.886955
15276901221.815039
16536712129.303631
17983007616.005074
19655611456.574699
21605717721.990700
23900049113.110077
26626911774.346813
29905206389.804550
33898172705.999603
38834945839.476379
45045457152.838318
53019054081.351151
63507271556.911285
77713391454.232605
97664116198.875793
126995182230.235336
172777146479.879120
250318922643.476135
398154207090.848267
738239994022.670410
1847255457788.193848
11085714932724.382812
49212419096078.789062
2842997955574.325684
904595124182.017822
434125565955.385620
251965053408.303833
163250755142.953247
113649825056.386871
83225888929.180847
63279674350.278099
49529202664.630234
39670474943.879295
32375634708.580021
26836392865.801823
22538287277.150921
19141494145.380466
16414394270.015219
14194820332.350866
12366557442.287487
10844608197.341169
9565679714.763889
8481882172.368988
7556458449.135860
6760830671.203985
6072519823.798223
5473655900.629810
4949894807.865517
4489620101.564243
4083347215.753449
3723273650.272176
3402935719.861128
3116944022.650496
2860777698.937081
2630623044.266835
2423245903.459754
2235890020.935649
2066195500.678475
1912132967.447496
1771950076.955297
1644127805.382795
1527344533.640210
1420446382.687692
1322422591.080912
1232384982.077298
1149550764.974054
1073228068.363919
1002803722.384102
937732900.741670
877530307.266100
821762650.440516
770042196.188802
722021226.732641
677387263.565670
635858937.051346
597182405.026676
561128239.010368
527488709.898443
496075415.954575
466717204.918647
439258349.525090
413556941.929428
389483477.716909
366919604.496526
345757013.716247
325896457.392333
307246874.025498
289724610.160105
273252725.895275
257760374.232905
243182245.492009
229458069.167959
216532166.600203
204353048.657947
192873053.381525
182048019.145372
171836989.451641
162201945.933855
153107566.558367
144521006.366393
136411698.408765
128751172.795521
121512892.018509
114672100.911964
108205689.797339
102092069.518212
96311057.211185
90843771.782551
85672538.169561
80780799.561721
76153036.842999
71774694.591608
67632113.041342
63712465.468246
60003700.519675
56494489.050276
53174175.071794
50032730.461474
47060713.107702
44249228.201896
41589892.412810
39074800.703951
36696495.576648
34447938.541150
32322483.635900
30313852.831167
28416113.167715
26623655.494263
24931174.679336
23333651.183802
21826333.890112
20404724.093074
19064560.564971
17801805.615121
16612632.070591
15493411.110654
14440700.893807
13451235.919394
12521917.073106
11649802.307379
10832097.913001
10066150.341301
9349438.539640
8679566.765930
8054257.850758
7471346.878254
6928775.259364
6424585.173467
5956914.356558
5523991.216336
5124130.256727
4755727.796436
4417257.968537
4107268.990145
3824379.694167
3567276.317772
3334709.545759
3125491.811101
2938494.860014
2772647.595450
2626934.221390
2500392.721652
2392113.722381
2301239.808771
2226965.396755
2168537.303808
2125256.226397
2096479.426187
2081625.070811
2080178.898312
2091704.229491
2115856.932130
2152407.915306
2201277.423487
2262588.447496
2336752.298026
2424610.699486
2527682.431839
2648615.624282
2792076.296452
2966654.827445
3189463.234891
3499179.841627
4003371.456016
5142510.100233
12264001.822071
1615903.784104
1710584.061580
2306152.383734
2680987.063827
2960553.996135
3193093.298443
3399729.476375
3590977.899670
3772586.668589
3947918.301004
4119038.957353
4287263.594890
4453449.117360
4618161.456761
4781775.483229
4944537.195344
5106603.769228
5268070.108663
5428986.890946
5589373.099774
5749224.893313
5908521.981289
6067232.275112
6225315.319424
6382724.850036
6539410.716612
6695320.337481
6850399.805852
7004594.733602
7157850.895683
7310114.721743
7461333.669865
7611456.508696
7760433.528043
7908216.693303
8054759.755650
8200018.327255
8343949.928806
8486514.015078
8627671.983097
8767387.166524
8905624.819168
9042352.089946
9177537.991184
9311153.361768
9443170.826386
9573564.751842
9702311.201289
9829387.887003
9954774.122266
10078450.772787
10200400.208006
10320606.252591
10439054.138344
10555730.456703
10670623.112006
10783721.275618
10895015.341019
11004496.879927
11112158.599511
11217994.300728
11321998.837806
11424168.078916
11524498.868003
11622988.987808
11719637.124073
11814442.830909
11907406.497330
11998529.314935
12087813.246715
12175260.996984
12260875.982400
12344662.304065
12426624.720686
12506768.622772
12585100.007858
12661625.456726
12736352.110620
12809287.649405
12880440.270722
12949818.670045
13017432.021677
13083289.960669
13147402.565631
13209780.342456
13270434.208927
13329375.480222
13386615.855309
13442167.404234
13496042.556307
13548254.089207
13598815.119007
13647739.091043
13695039.772177
13740731.243183
13784827.893118
13827344.414169
13868295.797787
13907697.331984
13945564.599850
13981913.479390
14016760.144749
14050121.068942
14082013.028201
14112453.108067
14141458.711399
14169047.568466
14195237.749341
14220047.678825
14243496.154195
14265602.366078
14286385.922842
14305866.878922
14324065.767598
14341003.638795
14356702.102608
14371183.379342
14384470.357025
14396586.657495
14407556.712386
14417405.850572
14426160.398924
14433847.798618
14440496.739636
14446137.316688
14450801.210426
14454521.898690
14457334.903521
14459278.081036
14460391.962878
14460720.160094
14460309.842929
14459212.313546
14457483.693151
14455185.750866
14452386.909486
14449163.473553
14445601.139024
14441796.862644
14437861.194892
14433921.216158
14430124.266036
14426642.727223
14423680.228826
14421479.785713
14420334.617153
14420602.733071
14422726.912543
14427262.552344
14434917.255898
14446608.372519
14463548.757031
14487378.332155
14520372.776686
14565787.789244
14628454.135576
14715865.997206
14840316.016942
15023474.913965
15307448.186882
15786276.560938
16721472.888628
19209421.212866
40226799.888201
4818462.760174
9515597.512137
10882503.481488
11509888.167796
11858884.476436
12073277.836727
12212275.602691
12304703.005907
12366272.973790
12406281.354154
12430580.648173
12443040.571745
12446323.399102
12442321.894196
12432419.535710
12417651.828688
12398809.950349
12376509.426391
12351236.869129
12323382.539783
12293263.509501
12261140.440312
12227229.946351
12191713.836269
12154746.117830
12116458.372294
12076963.924713
12036361.113527
11994735.878560
11952163.827617
11908711.900269
11864439.717557
11819400.684686
11773642.897909
11727209.894992
11680141.279892
11632473.245572
11584239.013835
11535469.207156
11486192.164480
11436434.210541
11386219.887155
11335572.150275
11284512.542992
11233061.342870
11181237.691235
11129059.705667
11076544.578430
11023708.662840
10970567.549280
10917136.132283
10863428.669889
10809458.836311
10755239.768765
10700784.109225
10646104.041737
10591211.325859
10536117.326563
10480833.041365
10425369.124521
10369735.909039
10313943.426551
10258001.425336
10201919.386687
10145706.539817
10089371.875441
10032924.158182
9976371.937924
9919723.560218
9862987.175831
9806170.749531
9749282.068178
9692328.748187
9635318.242426
9578257.846599
9521154.705167
9464015.816840
9406848.039689
9349658.095903
9292452.576229
9235237.944122
9178020.539621
9120806.582992
9063602.178137
9006413.315803
8949245.876608
8892105.633883
8834998.256371
8777929.310765
8720904.264124
8663928.486162
8607007.251425
8550145.741359
8493349.046290
8436622.167313
8379970.018100
8323397.426632
8266909.136870
8210509.810356
8154204.027766
8097996.290402
8041891.021655
7985892.568405
7930005.202406
7874233.121624
7818580.451563
7763051.246552
7707649.491032
7652379.100822
7597243.924382
7542247.744070
7487394.277414
7432687.178389
7378130.038713
7323726.389177
7269479.701008
7215393.387278
7161470.804382
7107715.253583
7054129.982649
7000718.187610
6947483.014640
6894427.562109
6841554.882836
6788867.986568
6736369.842767
6684063.383731
6631951.508150
6580037.085180
6528322.959157
6476811.955090
6425506.885128
6374410.556234
6323525.779366
6272855.380568
6222402.214470
6172169.180882
6122159.245379
6072375.465063
6022821.021161
5973499.260680
5924413.750248
5875568.346526
5826967.289495
5778615.327760
5730517.889423
5682681.318967
5635113.211733
5587822.895819
5540822.142343
5494126.239391
5447755.663810
5401738.772118
5356116.303162
5310949.264368
5266333.518449
5222428.615102
5179519.690715
5138165.243574
5099603.734638
5067122.199819
5052371.754143
5128473.271499
10362227.344222
5121246.480012
4849712.312557
4778411.181142
4727949.500558
4682626.451569
4639190.546508
4596669.283431
4554703.752952
4513142.317570
4471914.763851
4430986.492796
4390339.772100
4349965.350864
4309858.439766
4270016.674617
4230439.037863
4191125.266592
4152075.518168
4113290.177130
4074769.741872
4036514.757216
3998525.775284
3960803.330582
3923347.927347
3886160.031508
3849240.066827
3812588.413281
3776205.406813
3740091.339912
3704246.462663
3668670.984042
3633365.073323
3598328.861512
3563562.442756
3529065.875701
3494839.184778
3460882.361417
3427195.365186
3393778.124852
3360630.539381
3327752.478860
3295143.785371
3262804.273806
3230733.732631
3198931.924610
3167398.587488
3136133.434634
3105136.155658
3074406.416998
3043943.862479
3013748.113850
2983818.771306
2954155.413989
2924757.600464
2895624.869204
2866756.739034
2838152.709591
2809812.261756
2781734.858085
2753919.943237
2726366.944389
2699075.271649
2672044.318468
2645273.462047
2618762.063741
2592509.469461
2566515.010085
2540778.001854
2515297.746784
2490073.533074
2465104.635511
2440390.315895
2415929.823451
2391722.395262
2367767.256695
2344063.621847
2320610.693992
2297407.666041
2274453.721013
2251748.032518
2229289.765253
2207078.075520
2185112.111750
2163391.015056
2141913.919802
2120679.954198
2099688.240919
2078937.897752
2058428.038276
2038157.772579
2018126.208003
1998332.449945
1978775.602697
1959454.770334
1940369.057670
1921517.571267
1902899.420517
1884513.718806
1866359.584761
1848436.143592
1830742.528540
1813277.882454
1796041.359490
1779032.126965
1762249.367380
1745692.280626
1729360.086408
1713252.026902
1697367.369687
1681705.410972
1666265.479182
1651046.938922
1636049.195402
1621271.699356
1606713.952564
1592375.514022
1578256.006902
1564355.126387
1550672.648542
1537208.440373
1523962.471277
1510934.826119
1498125.720202
1485535.516487
1473164.745444
1461014.128051
1449084.602519
1437377.355484
1425893.858576
1414635.911462
1403605.692775
1392805.820654
1382239.425101
1371910.234901
1361822.682795
1351982.033267
1342394.539173
1333067.634868
1324010.176259
1315232.741643
1306748.012093
1298571.257053
1290720.960749
1283219.639474
1276094.921223
1269380.991469
1263120.558566
1257367.570484
1252191.040595
1247680.548939
1243954.341945
1241171.583521
1239551.469429
1239404.147286
1241182.912934
1245576.945807
1253686.693610
1267382.573238
1290116.729072
1329029.119894
1401599.869555
1564439.551090
2147182.569407
217558669.049455
595688.620330
751785.977775
836600.447519
882623.246195
910057.976844
927413.288837
938756.867295
946257.917903
951174.076414
954283.089987
956091.079252
956941.224641
957074.216021
956663.684351
955837.901059
954693.571467
953304.887568
951729.636666
950013.424824
948192.660293
946296.701661
944349.431286
942370.425661
940375.838216
938379.073715
936391.309469
934421.902458
932478.710480
930568.347778
928696.390232
926867.541354
925085.767545
923354.409074
921676.271694
920053.702742
918488.654700
916982.738562
915537.268865
914153.301869
912831.668069
911573.000000
910377.756105
909246.241312
908178.624828
907174.955586
906235.175692
905359.132175
904546.587276
903797.227495
903110.671550
902486.477414
901924.148544
901423.139402
900982.860376
900602.682152
900281.939627
900019.935408
899815.942939
899669.209319
899578.957825
899544.390185
899564.688628
899639.017728
899766.526067
899946.347745
900177.603730
900459.403088
900790.844085
901171.015191
901598.995969
902073.857890
902594.665055
903160.474841
903770.338480
904423.301567
905118.404508
905854.682912
906631.167922
907446.886499
908300.861650
909192.112614
910119.654991
911082.500835
912079.658692
913110.133592
914172.927006
915267.036739
916391.456787
917545.177141
918727.183539
919936.457163
921171.974283
922432.705839
923717.616960
925025.666411
926355.805975
927706.979749
929078.123354
930468.163054
931876.014773
933300.582995
934740.759544
936195.422223
937663.433306
939143.637856
940634.861856
942135.910130
943645.564030
945162.578853
946685.680960
948213.564565
949744.888134
951278.270344
952812.285587
954345.458839
955876.259959
957403.097206
958924.309916
960438.160190
961942.823457
963436.377695
964916.791130
966381.908107
967829.432865
969256.910794
970661.706747
972040.979828
973391.653992
974710.383601
975993.512928
977237.028294
978436.501272
979587.020910
980683.112444
981718.639240
982686.683791
983579.402357
984387.846171
985101.739904
985709.204950
986196.410830
986547.131922
986742.178134
986758.655586
986568.995030
986139.658158
985429.389977
984386.819891
982947.109657
981027.175195
978518.720547
975277.819149
971108.867048
965739.012273
958775.746843
949633.144864
937395.937226
920550.432933
896400.873736
859640.618011
798211.789271
677869.730910
358210.039686
19139728.941279
1913772.224939
1482378.723761
1342727.085940
1274558.859975
1234603.453075
1208623.395786
1190572.041465
1177446.054211
1167585.281616
1159997.518209
1154053.307018
1149334.039410
1145550.473759
1142496.324096
1140020.489712
1138009.739888
1136377.533146
1135056.577055
1133993.745833
1133146.527849
1132480.491432
1131967.443999
1131584.072877
1131310.926905
1131131.643161
1131032.352607
1131001.218183
1131028.072116
1131104.128472
1131221.753326
1131374.279518
1131555.856232
1131761.325969
1131986.123291
1132226.190947
1132477.910018
1132738.041402
1133003.676562
1133272.195863
1133541.233173
1133808.645652
1134072.487861
1134330.989503
1134582.536191
1134825.652797
1135058.988971
1135281.306516
1135491.468350
1135688.428812
1135871.225153
1136038.970016
1136190.844801
1136326.093778
1136444.018864
1136543.974973
1136625.365872
1136687.640476
1136730.289539
1136752.842680
1136754.865725
1136735.958310
1136695.751720
1136633.906973
1136550.113046
1136444.085317
1136315.564142
1136164.313575
1135990.120214
1135792.792167
1135572.158111
1135328.066463
1135060.384628
1134768.998326
1134453.811009
1134114.743328
1133751.732684
1133364.732834
1132953.713540
1132518.660315
1132059.574175
1131576.471477
1131069.383793
1130538.357840
1129983.455459
1129404.753643
1128802.344616
1128176.335968
1127526.850835
1126854.028146
1126158.022911
1125439.006586
1124697.167492
1123932.711305
1123145.861617
1122336.860575
1121505.969610
1120653.470248
1119779.665027
1118884.878524
1117969.458498
1117033.777166
1116078.232629
1115103.250456
1114109.285447
1113096.823601
1112066.384302
1111018.522766
1109953.832761
1108872.949646
1107776.553780
1106665.374321
1105540.193503
1104401.851429
1103251.251464
1102089.366324
1100917.244941
1099736.020245
1098546.917991
1097351.266793
1096150.509582
1094946.216694
1093740.100888
1092534.034623
1091330.069992
1090130.461812
1088937.694457
1087754.513153
1086583.960641
1085429.420291
1084294.667042
1083183.927856
1082101.953853
1081054.106798
1080046.463432
1079085.942044
1078180.457045
1077339.109023
1076572.420156
1075892.628129
1075314.056223
1074853.583633
1074531.249159
1074371.034542
1074401.892993
1074659.117322
1075186.185950
1076037.293346
1077280.880090
1079004.655061
1081322.900190
1084387.365089
1088403.989177
1093659.435058
1100564.857716
1109731.512646
1122108.836560
1139254.515615
1163910.574212
1201380.183985
1263375.242767
1381573.630852
1678269.342205
3276795.929172
5194533.125133
656245.068777
709224.878894
764640.602807
801246.786647
825884.688542
843093.162550
855472.492682
864560.266342
871310.992141
876344.762043
880080.582370
882811.248270
884747.314301
886043.976699
886818.102025
887159.355625
887137.676607
886808.422150
886215.985066
885396.387247
884379.171396
883188.802670
881845.721997
880367.147946
878767.694400
877059.851539
875254.364127
873360.531794
871386.449428
869339.201161
867225.018073
865049.407273
862817.258249
860532.931010
858200.329567
855822.963507
853403.999860
850946.306993
848452.491923
845924.932179
843365.803172
840777.101479
838160.665497
835518.192752
832851.255316
830161.313143
827449.725751
824717.762480
821966.611518
819197.387863
816411.140383
813608.858059
810791.475559
807959.878186
805114.906317
802257.359368
799387.999354
796507.554100
793616.720120
790716.165236
787806.530932
784888.434507
781962.471018
779029.215060
776089.222388
773143.031402
770191.164515
767234.129402
764272.420162
761306.518387
758336.894158
755364.006964
752388.306573
749410.233836
746430.221451
743448.694678
740466.072026
737482.765902
734499.183230
731515.726054
728532.792117
725550.775425
722570.066803
719591.054438
716614.124419
713639.661280
710668.048541
707699.669256
704734.906572
701774.144304
698817.767517
695866.163147
692919.720630
689978.832575
687043.895468
684115.310416
681193.483943
678278.828835
675371.765054
672472.720717
669582.133156
666700.450069
663828.130769
660965.647557
658113.487213
655272.152643
652442.164687
649624.064121
646818.413867
644025.801453
641246.841741
638482.179982
635732.495223
632998.504135
630280.965314
627580.684127
624898.518198
622235.383622
619592.262027
616970.208637
614370.361483
611793.951982
609242.317114
606716.913488
604219.333659
601751.325112
599314.812460
596911.923477
594545.019800
592216.733280
589930.009239
587688.158221
585494.918241
583354.530104
581271.829107
579252.357431
577302.502886
575429.671490
573642.503906
571951.149292
570367.615133
568906.218775
567584.176861
566422.384319
565446.457859
564688.154790
564187.334195
563994.718025
564175.859110
564816.977461
566033.773798
567985.147595
570895.310232
575090.926190
581066.621448
589607.571505
602036.335258
620758.366613
650625.176442
702974.423873
811109.578876
1123061.283821
3655541.715880
2792898.433194
434676.680894
371831.256691
377185.495117
387360.738059
395966.510746
402543.368486
407435.803125
411025.149574
413615.317730
415433.435137
416647.592488
417383.043608
417734.283836
417773.601361
417557.068086
417128.755287
416523.730998
415770.218265
414891.169927
413905.432812
412828.619315
411673.767755
410451.848338
409172.154927
407842.611400
406470.013411
405060.220834
403618.312180
402148.709437
400655.279712
399141.418537
397610.118564
396064.026559
394505.490934
392936.601605
391359.223570
389775.025339
388185.503099
386592.001353
384995.730598
383397.782548
381799.143262
380200.704527
378603.273745
377007.582550
375414.294341
373824.010880
372237.278098
370654.591197
369076.399160
367503.108734
365935.087968
364372.669340
362816.152547
361265.806983
359721.873948
358184.568617
356654.081795
355130.581489
353614.214303
352105.106686
350603.366049
349109.081746
347622.325959
346143.154470
344671.607351
343207.709561
341751.471471
340302.889311
338861.945559
337428.609256
336002.836272
334584.569505
333173.739037
331770.262230
330374.043774
328984.975688
327602.937266
326227.794984
324859.402346
323497.599695
322142.213960
320793.058362
319449.932060
318112.619747
316780.891184
315454.500676
314133.186479
312816.670148
311504.655798
310196.829298
308892.857377
307592.386633
306295.042452
305000.427815
303708.121983
302417.679059
301128.626412
299840.462936
298552.657146
297264.645089
295975.828036
294685.569953
293393.194713
292097.983024
290799.169036
289495.936601
288187.415125
286872.674987
285550.722449
284220.494001
282880.850081
281530.568059
280168.334418
278792.735998
277402.250188
275995.233905
274569.911195
273124.359241
271656.492545
270164.045001
268644.549515
267095.314795
265513.398821
263895.578458
262238.314516
260537.711479
258789.470908
256988.837358
255130.535370
253208.695785
251216.769244
249147.424195
246992.426160
244742.494101
242387.128807
239914.406778
237310.731420
234560.531088
231645.890585
228546.098878
225237.090729
221690.753319
217874.060213
213747.983774
209266.122765
204372.964439
199001.681100
193071.344826
186483.445172
179117.652006
170826.981152
161433.165659
150724.853140
138466.374867
124439.821277
108589.981898
91502.925838
76086.005132
74385.034262
143498.578614
699396.269351
15566082.508997
11621625.647339
2518941.738263
1373195.293653
978772.631634
787004.634913
675557.653051
603321.397579
552926.465273
515860.507603
487492.036160
465097.103968
446974.127688
432007.825259
419437.944235
408729.050927
399493.505406
391443.964245
384363.034006
378083.279578
372473.697480
367430.345745
362869.716329
358723.959253
354937.383031
351463.851270
348264.819198
345307.834177
342565.377370
340013.959478
337633.407930
335406.299923
333317.507708
331353.831054
329503.698019
327756.919692
326104.487893
324538.407303
323051.555394
321637.564937
320290.724953
319005.896817
317778.442887
316604.165527
315479.254794
314400.243402
313363.967791
312367.534369
311408.290135
310483.797041
309591.809535
308730.254849
307897.215635
307090.914632
306309.701092
305552.038736
304816.495024
304101.731602
303406.495746
302729.612705
302069.978818
301426.555324
300798.362774
300184.475981
299584.019445
298996.163198
298420.119024
297855.137011
297300.502403
296755.532704
296219.575036
295692.003691
295172.217878
294659.639638
294153.711906
293653.896705
293159.673463
292670.537432
292185.998203
291705.578295
291228.811830
290755.243258
290284.426139
289815.921989
289349.299111
288884.131536
288419.997919
287956.480487
287493.163983
287029.634626
286565.479054
286100.283265
285633.631546
285165.105363
284694.282238
284220.734573
283744.028434
283263.722277
282779.365610
282290.497572
281796.645437
281297.323006
280792.028890
280280.244669
279761.432890
279235.034919
278700.468585
278157.125630
277604.368908
277041.529314
276467.902417
275882.744725
275285.269577
274674.642571
274049.976487
273410.325624
272754.679474
272081.955632
271390.991822
270680.536921
269949.240816
269195.642905
268418.159039
267615.066635
266784.487656
265924.369088
265032.460485
264106.288025
263143.124453
262139.954114
261093.432112
259999.836423
258855.011478
257654.301417
256392.470719
255063.609354
253661.018807
252177.074342
250603.057529
248928.951297
247143.187377
245232.332798
243180.697607
240969.839898
238577.935542
235978.967779
233141.674178
230028.162734
226592.070776
222776.083176
218508.539168
213698.722288
208230.216904
201951.381889
194661.468529
186090.112241
175866.843992
163476.422096
148198.508495
129054.196401
104925.610169
75925.766509
54575.941441
204751.435397
15938798.378456
3603942.210962
1227896.486777
798381.304633
630534.705371
542818.042992
489298.994519
453340.003344
427535.147577
408109.470732
392944.242147
380761.344952
370745.262040
362351.743572
355203.973558
349032.939545
343641.542442
338882.123376
334641.907874
330833.298327
327387.232342
324248.535257
321372.602405
318722.987971
316269.624314
313987.487656
311855.584971
309856.175413
307974.165361
306196.633561
304512.454887
302911.999627
301386.891220
299929.809581
298534.330347
297194.792597
295906.189348
294664.076377
293464.495890
292303.912293
291179.157884
290087.386731
289026.035322
287992.788859
286985.552278
286002.425232
285041.680429
284101.744801
283181.183086
282278.683478
281393.045025
280523.166564
279668.036947
278826.726405
277998.378893
277182.205288
276377.477329
275583.522212
274799.717750
274025.488046
273260.299593
272503.657776
271755.103700
271014.211393
270280.585143
269553.857230
268833.685780
268119.752839
267411.762627
266709.439929
266012.528646
265320.790456
264634.003594
263951.961737
263274.472975
262601.358870
261932.453593
261267.603120
260606.664507
259949.505206
259296.002445
258646.042646
257999.520900
257356.340468
256716.412325
256079.654745
255445.992904
254815.358521
254187.689525
253562.929743
252941.028617
252321.940939
251705.626604
251092.050391
250481.181750
249872.994621
249267.467250
248664.582044
248064.325417
247466.687674
246871.662888
246279.248807
245689.446770
245102.261629
244517.701703
243935.778727
243356.507830
242779.907520
242205.999695
241634.809660
241066.366169
240500.701488
239937.851477
239377.855697
238820.757545
238266.604417
237715.447904
237167.344026
236622.353513
236080.542125
235541.981040
235006.747293
234474.924304
233946.602484
233421.879943
232900.863323
232383.668768
231870.423068
231361.265000
230856.346910
230355.836591
229859.919510
229368.801470
228882.711801
228401.907203
227926.676409
227457.345865
226994.286700
226537.923337
226088.744210
225647.315215
225214.296733
224790.465388
224376.742143
223974.228993
223584.257484
223208.453756
222848.827045
222507.892161
222188.842152
221895.796887
221634.169545
221411.221721
221236.930883
221125.396020
221097.215094
221183.718009
221434.991268
221936.333841
222845.606554
224490.435255
227676.135758
235019.989828
261688.103186
3528874.603889
196505.933546
199102.203440
202089.949553
203777.790997
204753.032111
205322.871136
205644.654646
205805.201618
205855.895751
205828.967874
205745.619605
205620.355727
205463.430532
205282.297789
205082.506380
204868.273490
204642.862873
204408.841250
204168.256264
203922.762589
203673.712983
203422.225146
203169.231554
202915.517113
202661.747976
202408.493846
202156.245413
201905.428128
201656.413183
201409.526317
201165.054959
200923.254047
200684.350801
200448.548671
200216.030613
199986.961825
199761.492049
199539.757509
199321.882557
199107.981070
198898.157647
198692.508639
198491.123028
198294.083199
198101.465593
197913.341294
197729.776522
197550.833083
197376.568746
197207.037589
197042.290296
196882.374420
196727.334621
196577.212869
196432.048634
196291.879047
196156.739046
196026.661511
195901.677378
195781.815746
195667.103970
195557.567744
195453.231182
195354.116882
195260.245987
195171.638244
195088.312050
195010.284498
194937.571416
194870.187406
194808.145872
194751.459050
194700.138036
194654.192803
194613.632228
194578.464101
194548.695148
194524.331037
194505.376393
194491.834805
194483.708830
194481.000000
194483.708829
194491.834804
194505.376393
194524.331036
194548.695147
194578.464100
194613.632227
194654.192802
194700.138035
194751.459049
194808.145871
194870.187405
194937.571415
195010.284497
195088.312049
195171.638243
195260.245987
195354.116881
195453.231182
195557.567743
195667.103969
195781.815745
195901.677377
196026.661510
196156.739045
196291.879046
196432.048634
196577.212869
196727.334620
196882.374420
197042.290295
197207.037589
197376.568745
197550.833082
197729.776521
197913.341293
198101.465592
198294.083198
198491.123028
198692.508638
198898.157646
199107.981069
199321.882557
199539.757508
199761.492048
199986.961824
200216.030612
200448.548670
200684.350800
200923.254046
201165.054958
201409.526316
201656.413182
201905.428128
202156.245412
202408.493845
202661.747975
202915.517112
203169.231553
203422.225145
203673.712982
203922.762588
204168.256263
204408.841249
204642.862872
204868.273489
205082.506379
205282.297789
205463.430531
205620.355726
205745.619604
205828.967873
205855.895750
205805.201617
205644.654645
205322.871135
204753.032110
203777.790996
202089.949552
199102.203440
196505.933545
3528874.603887
261688.103185
235019.989827
227676.135757
224490.435254
222845.606554
221936.333840
221434.991268
221183.718008
221097.215094
221125.396019
221236.930882
221411.221720
221634.169544
221895.796886
222188.842151
222507.892161
222848.827044
223208.453755
223584.257484
223974.228992
224376.742142
224790.465387
225214.296732
225647.315214
226088.744209
226537.923336
226994.286699
227457.345864
227926.676408
228401.907202
228882.711800
229368.801470
229859.919510
230355.836591
230856.346910
231361.265000
231870.423068
232383.668767
232900.863322
233421.879942
233946.602484
234474.924304
235006.747292
235541.981039
236080.542125
236622.353512
237167.344026
237715.447903
238266.604417
238820.757545
239377.855696
239937.851476
240500.701487
241066.366168
241634.809659
242205.999695
242779.907520
243356.507829
243935.778727
244517.701703
245102.261629
245689.446769
246279.248807
246871.662887
247466.687673
248064.325417
248664.582043
249267.467250
249872.994620
250481.181750
251092.050390
251705.626603
252321.940938
252941.028617
253562.929742
254187.689524
254815.358521
255445.992904
256079.654745
256716.412325
257356.340467
257999.520900
258646.042646
259296.002444
259949.505206
260606.664507
261267.603120
261932.453592
262601.358870
263274.472974
263951.961737
264634.003594
265320.790455
266012.528646
266709.439928
267411.762626
268119.752839
268833.685779
269553.857230
270280.585143
271014.211393
271755.103701
272503.657774
273260.299592
274025.488045
274799.717750
275583.522211
276377.477328
277182.205288
277998.378893
278826.726404
279668.036946
280523.166563
281393.045024
282278.683477
283181.183086
284101.744800
285041.680428
286002.425231
286985.552277
287992.788859
289026.035322
290087.386731
291179.157883
292303.912292
293464.495890
294664.076377
295906.189347
297194.792596
298534.330346
299929.809580
301386.891219
302911.999627
304512.454886
306196.633561
307974.165360
309856.175412
311855.584971
313987.487656
316269.624313
318722.987971
321372.602404
324248.535256
327387.232341
330833.298326
334641.907873
338882.123375
343641.542442
349032.939544
355203.973557
362351.743572
370745.262039
380761.344952
392944.242147
408109.470731
427535.147576
453340.003343
489298.994518
542818.042992
630534.705371
798381.304632
1227896.486776
3603942.210959
15938798.378464
204751.435398
54575.941442
75925.766509
104925.610169
129054.196401
148198.508495
163476.422096
175866.843992
186090.112241
194661.468528
201951.381889
208230.216904
213698.722288
218508.539168
222776.083176
226592.070776
230028.162734
233141.674178
235978.967778
238577.935542
240969.839898
243180.697607
245232.332798
247143.187377
248928.951296
250603.057529
252177.074342
253661.018807
255063.609354
256392.470719
257654.301417
258855.011478
259999.836423
261093.432112
262139.954113
263143.124453
264106.288025
265032.460485
265924.369088
266784.487656
267615.066635
268418.159039
269195.642904
269949.240815
270680.536921
271390.991821
272081.955632
272754.679474
273410.325623
274049.976486
274674.642571
275285.269577
275882.744725
276467.902416
277041.529314
277604.368907
278157.125630
278700.468585
279235.034918
279761.432890
280280.244668
280792.028890
281297.323005
281796.645437
282290.497572
282779.365610
283263.722277
283744.028434
284220.734573
284694.282238
285165.105363
285633.631545
286100.283265
286565.479053
287029.634626
287493.163983
287956.480486
288419.997919
288884.131535
289349.299110
289815.921988
290284.426143
290755.243258
291228.811831
291705.578295
292185.998203
292670.537432
293159.673463
293653.896705
294153.711906
294659.639638
295172.217878
295692.003691
296219.575036
296755.532704
297300.502403
297855.137011
298420.119024
298996.163198
299584.019445
300184.475981
300798.362774
301426.555324
302069.978818
302729.612705
303406.495746
304101.731602
304816.495024
305552.038735
306309.701092
307090.914631
307897.215635
308730.254849
309591.809535
310483.797041
311408.290135
312367.534369
313363.967791
314400.243402
315479.254794
316604.165527
317778.442887
319005.896817
320290.724953
321637.564937
323051.555393
324538.407303
326104.487893
327756.919692
329503.698019
331353.831054
333317.507708
335406.299922
337633.407930
340013.959478
342565.377370
345307.834177
348264.819198
351463.851270
354937.383031
358723.959253
362869.716328
367430.345745
372473.697480
378083.279578
384363.034006
391443.964245
399493.505406
408729.050927
419437.944235
432007.825259
446974.127688
465097.103968
487492.036160
515860.507603
552926.465273
603321.397579
675557.653051
787004.634913
978772.631634
1373195.293653
2518941.738263
11621625.647339
15566082.508999
699396.269351
143498.578614
74385.034263
76086.005132
91502.925838
108589.981898
124439.821277
138466.374867
150724.853140
161433.165659
170826.981152
179117.652006
186483.445172
193071.344826
199001.681100
204372.964439
209266.122765
213747.983774
217874.060213
221690.753319
225237.090729
228546.098878
231645.890585
234560.531088
237310.731420
239914.406778
242387.128807
244742.494101
246992.426160
249147.424193
251216.769245
253208.695786
255130.535370
256988.837359
258789.470909
260537.711480
262238.314517
263895.578458
265513.398821
267095.314795
268644.549515
270164.045001
271656.492545
273124.359241
274569.911195
275995.233905
277402.250188
278792.735998
280168.334418
281530.568059
282880.850081
284220.494001
285550.722449
286872.674988
288187.415125
289495.936601
290799.169036
292097.983024
293393.194713
294685.569953
295975.828036
297264.645089
298552.657146
299840.462936
301128.626412
302417.679059
303708.121983
305000.427815
306295.042453
307592.386633
308892.857377
310196.829298
311504.655798
312816.670148
314133.186480
315454.500676
316780.891184
318112.619747
319449.932060
320793.058362
322142.213961
323497.599695
324859.402346
326227.794984
327602.937266
328984.975688
330374.043774
331770.262230
333173.739037
334584.569505
336002.836272
337428.609257
338861.945559
340302.889311
341751.471471
343207.709561
344671.607351
346143.154470
347622.325959
349109.081746
350603.366049
352105.106687
353614.214303
355130.581489
356654.081795
358184.568617
359721.873948
361265.806983
362816.152547
364372.669340
365935.087968
367503.108734
369076.399160
370654.591197
372237.278098
373824.010880
375414.294341
377007.582550
378603.273745
380200.704527
381799.143262
383397.782548
384995.730598
386592.001353
388185.503099
389775.025339
391359.223570
392936.601605
394505.490934
396064.026559
397610.118564
399141.418537
400655.279712
402148.709437
403618.312180
405060.220834
406470.013411
407842.611400
409172.154927
410451.848338
411673.767755
412828.619315
413905.432812
414891.169927
415770.218265
416523.730998
417128.755287
417557.068086
417773.601361
417734.283836
417383.043608
416647.592488
415433.435137
413615.317730
411025.149574
407435.803125
402543.368486
395966.510747
387360.738059
377185.495117
371831.256691
434676.680894
2792898.433194
3655541.715880
1123061.283821
811109.578876
702974.423874
650625.176442
620758.366613
602036.335258
589607.571505
581066.621448
575090.926190
570895.310231
567985.147595
566033.773798
564816.977461
564175.859110
563994.718025
564187.334195
564688.154790
565446.457859
566422.384319
567584.176861
568906.218775
570367.615133
571951.149292
573642.503906
575429.671491
577302.502887
579252.357431
581271.829107
583354.530104
585494.918241
587688.158221
589930.009239
592216.733280
594545.019800
596911.923477
599314.812460
601751.325112
604219.333659
606716.913488
609242.317114
611793.951983
614370.361483
616970.208637
619592.262027
622235.383622
624898.518198
627580.684127
630280.965314
632998.504136
635732.495223
638482.179982
641246.841742
644025.801453
646818.413868
649624.064121
652442.164687
655272.152643
658113.487214
660965.647557
663828.130769
666700.450069
669582.133156
672472.720717
675371.765054
678278.828835
681193.483943
684115.310416
687043.895468
689978.832575
692919.720630
695866.163147
698817.767517
701774.144304
704734.906572
707699.669256
710668.048541
713639.661280
716614.124419
719591.054438
722570.066804
725550.775426
728532.792117
731515.726054
734499.183230
737482.765902
740466.072027
743448.694678
746430.221451
749410.233837
752388.306574
755364.006964
758336.894158
761306.518388
764272.420162
767234.129402
770191.164515
773143.031403
776089.222388
779029.215061
781962.471019
784888.434508
787806.530932
790716.165236
793616.720121
796507.554101
799387.999355
802257.359368
805114.906318
807959.878187
810791.475560
813608.858060
816411.140384
819197.387864
821966.611519
824717.762482
827449.725752
830161.313144
832851.255318
835518.192755
838160.665501
840777.101487
843365.803202
845924.932164
848452.491917
850946.306989
853403.999857
855822.963505
858200.329565
860532.931008
862817.258247
865049.407272
867225.018072
869339.201160
871386.449427
873360.531794
875254.364126
877059.851538
878767.694399
880367.147945
881845.721996
883188.802669
884379.171396
885396.387246
886215.985066
886808.422150
887137.676606
887159.355625
886818.102024
886043.976698
884747.314301
882811.248269
880080.582370
876344.762043
871310.992140
864560.266341
855472.492682
843093.162550
825884.688542
801246.786647
764640.602806
709224.878893
656245.068777
5194533.125133
3276795.929171
1678269.342204
1381573.630851
1263375.242766
1201380.183985
1163910.574212
1139254.515614
1122108.836559
1109731.512645
1100564.857715
1093659.435058
1088403.989177
1084387.365088
1081322.900189
1079004.655060
1077280.880089
1076037.293346
1075186.185950
1074659.117322
1074401.892993
1074371.034542
1074531.249159
1074853.583632
1075314.056223
1075892.628129
1076572.420156
1077339.109022
1078180.457045
1079085.942044
1080046.463432
1081054.106798
1082101.953852
1083183.927856
1084294.667041
1085429.420291
1086583.960641
1087754.513152
1088937.694457
1090130.461812
1091330.069991
1092534.034623
1093740.100888
1094946.216694
1096150.509582
1097351.266793
1098546.917990
1099736.020245
1100917.244941
1102089.366324
1103251.251464
1104401.851429
1105540.193503
1106665.374321
1107776.553779
1108872.949646
1109953.832760
1111018.522766
1112066.384302
1113096.823600
1114109.285447
1115103.250456
1116078.232629
1117033.777165
1117969.458497
1118884.878524
1119779.665027
1120653.470248
1121505.969610
1122336.860575
1123145.861616
1123932.711305
1124697.167492
1125439.006585
1126158.022910
1126854.028145
1127526.850835
1128176.335967
1128802.344615
1129404.753642
1129983.455459
1130538.357840
1131069.383793
1131576.471477
1132059.574175
1132518.660315
1132953.713540
1133364.732833
1133751.732684
1134114.743328
1134453.811008
1134768.998326
1135060.384627
1135328.066463
1135572.158110
1135792.792166
1135990.120214
1136164.313574
1136315.564141
1136444.085316
1136550.113045
1136633.906972
1136695.751718
1136735.958312
1136754.865725
1136752.842680
1136730.289538
1136687.640476
1136625.365872
1136543.974973
1136444.018864
1136326.093778
1136190.844801
1136038.970016
1135871.225153
1135688.428812
1135491.468349
1135281.306516
1135058.988971
1134825.652797
1134582.536191
1134330.989503
1134072.487861
1133808.645651
1133541.233173
1133272.195863
1133003.676561
1132738.041402
1132477.910018
1132226.190947
1131986.123290
1131761.325969
1131555.856232
1131374.279518
1131221.753325
1131104.128472
1131028.072115
1131001.218182
1131032.352607
1131131.643160
1131310.926905
1131584.072876
1131967.443999
1132480.491431
1133146.527849
1133993.745832
1135056.577055
1136377.533146
1138009.739887
1140020.489711
1142496.324096
1145550.473759
1149334.039409
1154053.307018
1159997.518209
1167585.281615
1177446.054211
1190572.041464
1208623.395786
1234603.453075
1274558.859974
1342727.085940
1482378.723761
1913772.224938
19139728.941278
358210.039686
677869.730910
798211.789271
859640.618011
896400.873736
920550.432933
937395.937225
949633.144863
958775.746843
965739.012273
971108.867047
975277.819149
978518.720547
981027.175195
982947.109657
984386.819890
985429.389977
986139.658158
986568.995029
986758.655586
986742.178134
986547.131922
986196.410829
985709.204950
985101.739903
984387.846170
983579.402356
982686.683791
981718.639239
980683.112443
979587.020910
978436.501272
977237.028294
975993.512927
974710.383601
973391.653991
972040.979828
970661.706746
969256.910794
967829.432864
966381.908106
964916.791129
963436.377695
961942.823456
960438.160190
958924.309915
957403.097206
955876.259958
954345.458837
952812.285585
951278.270337
949744.888137
948213.564566
946685.680960
945162.578853
943645.564031
942135.910130
940634.861856
939143.637856
937663.433306
936195.422223
934740.759543
933300.582995
931876.014773
930468.163054
929078.123354
927706.979749
926355.805975
925025.666411
923717.616959
922432.705839
921171.974283
919936.457162
918727.183538
917545.177141
916391.456787
915267.036739
914172.927006
913110.133592
912079.658691
911082.500835
910119.654991
909192.112614
908300.861650
907446.886498
906631.167922
905854.682912
905118.404508
904423.301566
903770.338480
903160.474841
902594.665055
902073.857890
901598.995969
901171.015191
900790.844085
900459.403087
900177.603730
899946.347745
899766.526067
899639.017728
899564.688628
899544.390185
899578.957824
899669.209319
899815.942939
900019.935407
900281.939627
900602.682152
900982.860376
901423.139402
901924.148543
902486.477414
903110.671550
903797.227495
904546.587276
905359.132174
906235.175692
907174.955586
908178.624828
909246.241312
910377.756105
911573.000000
912831.668069
914153.301869
915537.268865
916982.738562
918488.654700
920053.702742
921676.271694
923354.409074
925085.767546
926867.541354
928696.390233
930568.347778
932478.710480
934421.902458
936391.309470
938379.073716
940375.838216
942370.425662
944349.431286
946296.701661
948192.660293
950013.424824
951729.636666
953304.887568
954693.571467
955837.901059
956663.684351
957074.216022
956941.224641
956091.079252
954283.089987
951174.076414
946257.917903
938756.867296
927413.288837
910057.976844
882623.246196
836600.447519
751785.977775
595688.620330
217558669.049458
2147182.569407
1564439.551091
1401599.869555
1329029.119894
1290116.729072
1267382.573238
1253686.693610
1245576.945808
1241182.912935
1239404.147286
1239551.469429
1241171.583521
1243954.341945
1247680.548939
1252191.040595
1257367.570485
1263120.558566
1269380.991469
1276094.921223
1283219.639474
1290720.960749
1298571.257053
1306748.012093
1315232.741643
1324010.176259
1333067.634869
1342394.539174
1351982.033267
1361822.682796
1371910.234903
1382239.425097
1392805.820654
1403605.692774
1414635.911461
1425893.858576
1437377.355484
1449084.602519
1461014.128051
1473164.745444
1485535.516487
1498125.720202
1510934.826119
1523962.471277
1537208.440373
1550672.648542
1564355.126387
1578256.006902
1592375.514022
1606713.952564
1621271.699356
1636049.195402
1651046.938922
1666265.479182
1681705.410972
1697367.369687
1713252.026902
1729360.086408
1745692.280626
1762249.367380
1779032.126965
1796041.359490
1813277.882454
1830742.528540
1848436.143592
1866359.584762
1884513.718806
1902899.420517
1921517.571267
1940369.057670
1959454.770334
1978775.602697
1998332.449945
2018126.208003
2038157.772579
2058428.038276
2078937.897752
2099688.240919
2120679.954198
2141913.919803
2163391.015056
2185112.111750
2207078.075520
2229289.765253
2251748.032518
2274453.721013
2297407.666041
2320610.693992
2344063.621847
2367767.256695
2391722.395262
2415929.823451
2440390.315895
2465104.635511
2490073.533073
2515297.746784
2540778.001854
2566515.010085
2592509.469461
2618762.063741
2645273.462047
2672044.318468
2699075.271649
2726366.944389
2753919.943237
2781734.858085
2809812.261756
2838152.709591
2866756.739034
2895624.869204
2924757.600465
2954155.413989
2983818.771306
3013748.113850
3043943.862479
3074406.416999
3105136.155659
3136133.434634
3167398.587488
3198931.924611
3230733.732631
3262804.273806
3295143.785372
3327752.478861
3360630.539382
3393778.124853
3427195.365186
3460882.361417
3494839.184779
3529065.875702
3563562.442757
3598328.861513
3633365.073324
3668670.984043
3704246.462664
3740091.339913
3776205.406814
3812588.413283
3849240.066830
3886160.031511
3923347.927351
3960803.330588
3998525.775294
4036514.757260
4074769.741850
4113290.177121
4152075.518162
4191125.266588
4230439.037860
4270016.674614
4309858.439763
4349965.350861
4390339.772098
4430986.492794
4471914.763849
4513142.317568
4554703.752951
4596669.283430
4639190.546507
4682626.451568
4727949.500556
4778411.181141
4849712.312556
5121246.480011
10362227.344221
5128473.271498
5052371.754142
5067122.199818
5099603.734637
5138165.243573
5179519.690714
5222428.615101
5266333.518448
5310949.264367
5356116.303161
5401738.772117
5447755.663809
5494126.239390
5540822.142342
5587822.895818
5635113.211732
5682681.318966
5730517.889422
5778615.327760
5826967.289494
5875568.346525
5924413.750247
5973499.260680
6022821.021160
6072375.465062
6122159.245379
6172169.180882
6222402.214469
6272855.380567
6323525.779365
6374410.556233
6425506.885127
6476811.955089
6528322.959157
6580037.085180
6631951.508149
6684063.383731
6736369.842767
6788867.986568
6841554.882835
6894427.562109
6947483.014639
7000718.187610
7054129.982648
7107715.253582
7161470.804381
7215393.387277
7269479.701007
7323726.389177
7378130.038713
7432687.178388
7487394.277414
7542247.744069
7597243.924381
7652379.100821
7707649.491031
7763051.246551
7818580.451562
7874233.121624
7930005.202405
7985892.568404
8041891.021654
8097996.290402
8154204.027765
8210509.810356
8266909.136870
8323397.426632
8379970.018099
8436622.167312
8493349.046289
8550145.741358
8607007.251424
8663928.486161
8720904.264123
8777929.310765
8834998.256369
8892105.633882
8949245.876607
9006413.315802
9063602.178136
9120806.582991
9178020.539620
9235237.944121
9292452.576228
9349658.095902
9406848.039688
9464015.816839
9521154.705166
9578257.846598
9635318.242425
9692328.748186
9749282.068177
9806170.749530
9862987.175830
9919723.560217
9976371.937923
10032924.158181
10089371.875440
10145706.539816
10201919.386685
10258001.425334
10313943.426550
10369735.909037
10425369.124519
10480833.041363
10536117.326561
10591211.325854
10646104.041736
10700784.109223
10755239.768763
10809458.836309
10863428.669887
10917136.132280
10970567.549277
11023708.662837
11076544.578427
11129059.705663
11181237.691230
11233061.342863
11284512.542983
11335572.150261
11386219.887124
11436434.210615
11486192.164498
11535469.207166
11584239.013841
11632473.245577
11680141.279896
11727209.894995
11773642.897912
11819400.684689
11864439.717558
11908711.900271
11952163.827619
11994735.878562
12036361.113528
12076963.924714
12116458.372296
12154746.117832
12191713.836269
12227229.946352
12261140.440313
12293263.509501
12323382.539784
12351236.869130
12376509.426391
12398809.950350
12417651.828689
12432419.535711
12442321.894197
12446323.399102
12443040.571745
12430580.648173
12406281.354154
12366272.973791
12304703.005907
12212275.602691
12073277.836727
11858884.476436
11509888.167796
10882503.481488
9515597.512137
4818462.760174
40226799.888201
19209421.212866
16721472.888628
15786276.560938
15307448.186883
15023474.913965
14840316.016942
14715865.997209
14628454.135576
14565787.789243
14520372.776686
14487378.332155
14463548.757031
14446608.372519
14434917.255898
14427262.552344
14422726.912544
14420602.733071
14420334.617154
14421479.785714
14423680.228827
14426642.727223
14430124.266036
14433921.216158
14437861.194893
14441796.862644
14445601.139024
14449163.473553
14452386.909486
14455185.750866
14457483.693152
14459212.313547
14460309.842929
14460720.160094
14460391.962878
14459278.081036
14457334.903522
14454521.898690
14450801.210426
14446137.316689
14440496.739636
14433847.798618
14426160.398924
14417405.850571
14407556.712386
14396586.657495
14384470.357025
14371183.379342
14356702.102608
14341003.638795
14324065.767598
14305866.878922
14286385.922841
14265602.366078
14243496.154195
14220047.678824
14195237.749340
14169047.568465
14141458.711398
14112453.108066
14082013.028200
14050121.068941
14016760.144747
13981913.479388
13945564.599848
13907697.331981
13868295.797784
13827344.414165
13784827.893113
13740731.243174
13695039.772161
13647739.090977
13598815.119040
13548254.089220
13496042.556315
13442167.404240
13386615.855315
13329375.480227
13270434.208931
13209780.342460
13147402.565634
13083289.960672
13017432.021680
12949818.670047
12880440.270725
12809287.649407
12736352.110622
12661625.456728
12585100.007860
12506768.622774
12426624.720687
12344662.304067
12260875.982402
12175260.996986
12087813.246717
11998529.314936
11907406.497332
11814442.830910
11719637.124074
11622988.987810
11524498.868005
11424168.078918
11321998.837808
11217994.300730
11112158.599511
11004496.879928
10895015.341020
10783721.275619
10670623.112007
10555730.456704
10439054.138345
10320606.252593
10200400.208007
10078450.772788
9954774.122267
9829387.887004
9702311.201290
9573564.751843
9443170.826387
9311153.361770
9177537.991185
9042352.089947
8905624.819169
8767387.166525
8627671.983098
8486514.015079
8343949.928807
8200018.327256
8054759.755651
7908216.693304
7760433.528044
7611456.508698
7461333.669866
7310114.721744
7157850.895684
7004594.733606
6850399.805852
6695320.337482
6539410.716613
6382724.850036
6225315.319425
6067232.275113
5908521.981290
5749224.893313
5589373.099773
5428986.890945
5268070.108662
5106603.769227
4944537.195342
4781775.483228
4618161.456759
4453449.117359
4287263.594889
4119038.957352
3947918.301003
3772586.668588
3590977.899669
3399729.476374
3193093.298442
2960553.996134
2680987.063826
2306152.383733
1710584.061580
1615903.784104
12264001.822070
5142510.100233
4003371.456016
3499179.841628
3189463.234890
2966654.827444
2792076.296451
2648615.624281
2527682.431838
2424610.699485
2336752.298025
2262588.447495
2201277.423486
2152407.915306
2115856.932130
2091704.229491
2080178.898312
2081625.070811
2096479.426187
2125256.226397
2168537.303808
2226965.396755
2301239.808771
2392113.722382
2500392.721652
2626934.221390
2772647.595451
2938494.860014
3125491.811102
3334709.545760
3567276.317773
3824379.694168
4107268.990146
4417257.968538
4755727.796437
5124130.256728
5523991.216336
5956914.356560
6424585.173469
6928775.259365
7471346.878255
8054257.850759
8679566.765932
9349438.539641
10066150.341303
10832097.913003
11649802.307381
12521917.073109
13451235.919397
14440700.893812
15493411.110666
16612632.070573
17801805.615116
19064560.564969
20404724.093073
21826333.890111
23333651.183802
24931174.679336
26623655.494263
28416113.167715
30313852.831168
32322483.635901
34447938.541151
36696495.576649
39074800.703952
41589892.412812
44249228.201897
47060713.107704
50032730.461476
53174175.071796
56494489.050277
60003700.519676
63712465.468247
67632113.041343
71774694.591609
76153036.843000
80780799.561722
85672538.169562
90843771.782552
96311057.211186
102092069.518213
108205689.797339
114672100.911965
121512892.018512
128751172.795521
136411698.408765
144521006.366393
153107566.558368
162201945.933855
171836989.451641
182048019.145371
192873053.381526
204353048.657950
216532166.600204
229458069.167960
243182245.492009
257760374.232906
273252725.895277
289724610.160102
307246874.025496
325896457.392325
345757013.716248
366919604.496525
389483477.716906
413556941.929425
439258349.525087
466717204.918644
496075415.954567
527488709.898431
561128239.010353
597182405.026659
635858937.051327
677387263.565651
722021226.732620
770042196.188779
821762650.440501
877530307.266074
937732900.741641
1002803722.384070
1073228068.363888
1149550764.974019
1232384982.077259
1322422591.080866
1420446382.687650
1527344533.640173
1644127805.382750
1771950076.955248
1912132967.447439
2066195500.678415
2235890020.935594
2423245903.459686
2630623044.266782
2860777698.937000
3116944022.650405
3402935719.861021
3723273650.272061
4083347215.753321
4489620101.564095
4949894807.865355
5473655900.629635
6072519823.798040
6760830671.203760
7556458449.135614
8481882172.368696
9565679714.763565
10844608197.340797
12366557442.287071
14194820332.350449
16414394270.014624
19141494145.379791
22538287277.150131
26836392865.800896
32375634708.578884
39670474943.877876
49529202664.628410
63279674350.275925
83225888929.178268
113649825056.383209
163250755142.947968
251965053408.295288
434125565955.370728
904595124181.987061
2842997955574.227539
49212419096077.109375
11085714932724.009766
1847255457788.131348
738239994022.645264
398154207090.834473
250318922643.467346
172777146479.872986
126995182230.230743
97664116198.872253
77713391454.229919
63507271556.908989
53019054081.349174
45045457152.836624
38834945839.474930
33898172705.998306
29905206389.803429
26626911774.346001
23900049113.109150
21605717721.989883
19655611456.573944
17983007616.004383
16536712129.302990
15276901221.814442
14172209086.886391
13197651920.836308
12333124313.198420
11562294250.500404
10871780204.191660
10250530780.119011
9689351792.848450
9180541973.615898
8717609650.117428
8295050424.929026
7908171262.751094
7552950213.435041
7225923735.469772
6924095569.837355
6644862568.446151
6385953956.955614
6145381314.507185
5921397157.010386
5712460468.970172
5517207879.203302
5334429445.537971
5163048222.684246
5002102950.588072
4850733328.626139
4708167442.094540
4573710987.707484
4446738008.884288
4326682902.994192
4213033504.154220
4105325078.724162
4003135097.932413
3906078674.359974
3813804567.296145
3725991677.038263
3642345960.654882
3562597712.058550
3486499157.830699
3413822327.422398
3344357162.372701
3277909834.244973
3214301245.247776
3153365689.114135
3094949652.871696
3038910742.740321
2985116719.606708
2933444631.428904
2883780031.541626
2836016273.233343
2790053872.166087
2745799929.246169
2703167607.451015
2662075656.894483
2622447983.087862
2584213253.941505
2547304541.563888
2511658995.362518
2477217543.342517
2443924618.842150
2411727910.245999
2380578131.481734
2350428811.340397
2321236099.866117
2292958590.244074
2265557154.776547
2238994793.680508
2213236495.567238
2188249108.577631
2164001221.247564
2140463052.267584
2117606348.381379
2095404289.739266
2073831402.087097
2052863475.228592
2032477487.250863
2012651534.048981
1993364763.728024
1974597315.497145
1956330262.706107
1938545559.703561
1921225992.225060
1904355131.043420
1887917288.636759
1871897478.650108
1856281377.945109
1841055291.049139
1826206116.830723
1811721317.241940
1797588887.981355
1783797330.942534
1770335628.323888
1757193218.285077
1744359972.044262
1731826172.318291
1719582493.015488
1707619980.097322
1695930033.531520
1684504390.264679
1673335108.147786
1662414550.752625
1651735373.021488
1641290507.696523
1631073152.478597
1621076757.868949
1611295015.649743
1601721847.962368
1592351396.944768
1583178014.890308
1574196254.895887
1565400861.960442
1556786764.507708
1548349066.296869
1540083038.691440
1531984113.253989
1524047874.633601
1516270053.710803
1508646520.961351
1501173279.995023
1493846461.218070
1486662315.556867
1479617208.164414
1472707612.008221
1465930101.199236
1459281343.899611
1452758094.489960
1446357184.699975
1440075513.076691
1433910031.981031
1427857730.791568
1421915613.217127
1416080665.252946
1410349807.854151
1404719823.776012
1399187238.901215
1393748119.272987
1388397702.207295
1383129675.223254
1377934632.241699
1372796349.180861
1367681172.462385
1362499055.397127
1356877716.708855
1346219984.935144
1352560903.510309
1346305630.064403
1341374748.479234
1336776575.090294
1332348444.871298
1328039342.654269
1323827517.933809
1319701682.659113
1315655068.432624
1311683132.185555
1307782539.347073
1303950664.808644
1300185327.872810
1296484642.256575
1292846926.635950
1289270648.872876
1285754389.878247
1282296819.388199
1278896679.222013
1275552771.382910
1272263949.378963
1269029111.737326
1265847197.045375
1262717180.076279
1259638068.699174
1256608901.366840
1253628745.035455
1250696693.412688
1247811865.458718
1244973404.085728
1242180475.013645
1239432265.752635
1236727984.687887
1234066860.249055
1231448140.150210
1228871090.689264
1226334996.098122
1223839157.936580
1221382894.524268
1218965540.406057
1216586445.847122
1214244976.354515
1211940512.222583
1209672448.100079
1207440192.576995
1205243167.789527
1203080809.041797
1200952564.443077
1198857894.559450
1196796272.078983
1194767181.489570
1192770118.768681
1190804591.084353
1188870116.506825
1186966223.730249
1185092451.803982
1183248349.872977
1181433476.926888
1179647401.557436
1177889701.723742
1176159964.525147
1174457785.981551
1172782770.820336
1171134532.270326
1169512691.862001
1167916879.233940
1166346731.945199
1164801895.293414
1163282022.138424
1161786772.731212
1160315814.547957
1158868822.129044
1157445476.922843
1156045467.134097
1154668487.576770
1153314239.531177
1151982430.605290
1150672774.600091
1149384991.378759
1148118806.739677
1146873952.293054
1145650165.341095
1144447188.761567
1143264770.894723
1142102665.433381
1140960631.316151
1139838432.623676
1138735838.477777
1137652622.943477
1136588564.933718
1135543448.116810
1134517060.826008
1133509195.975307
1132519650.966121
1131548227.614946
1130594732.066539
1129658974.717699
1128740770.141262
1127839937.012315
1126956298.036506
1126089679.880331
1125239913.103408
1124406832.092635
1123590274.998194
1122790083.671380
1122006103.604164
1121238183.870455
1120486177.069329
1119749939.268661
1119029329.952751
1118324211.968863
1117634451.476869
1116959917.899883
1116300483.876371
1115656025.213672
1115026420.842864
1114411552.774999
1113811306.058619
1113225568.738556
1112654231.815976
1112097189.209653
1111554337.718419
1111025576.984794
1110510809.459757
1110009940.368587
1109522877.677991
1109049532.063963
1108589816.881028
1108143648.132342
1107710944.440848
1107291627.021427
1106885619.654017
1106492848.657689
1106113242.865677
1105746733.601319
1105393254.654905
1105052742.261433
1104725135.079236
1104410374.169475
1104108402.976479
1103819167.308944
1103542615.321952
1103278697.499796
1103027366.639627
1102788577.835887
1102562288.465544
1102348458.174080
1102147048.862276
1101958024.673734
1101781351.983165
1101616999.385421
1101464937.685256
1101325139.887841
1101197581.189981
1101082238.972072
1100979092.790768
1100888124.372286
1100809317.606717
1100742658.542508
1100688135.382167
1100645738.478382
1100615460.330924
1100597295.584194
